646.00
707.00
753.00
715.00
721.00
730.00
707.00
759.00
715.00
721.00
812.00
736.00
717.00
715.00
749.00
747.00
715.00
721.00
721.00
835.00
715.00
707.00
700.00
709.00
717.00
721.00
774.00
719.00
736.00
705.00
772.00
726.00
707.00
724.00
698.00
765.00
772.00
709.00
730.00
717.00
711.00
791.00
793.00
703.00
740.00
713.00
734.00
700.00
755.00
772.00
736.00
772.00
707.00
736.00
730.00
732.00
826.00
711.00
736.00
715.00
749.00
724.00
703.00
732.00
818.00
730.00
707.00
768.00
719.00
719.00
782.00
770.00
782.00
724.00
713.00
711.00
715.00
744.00
724.00
751.00
700.00
713.00
728.00
772.00
751.00
713.00
717.00
707.00
751.00
719.00
744.00
744.00
784.00
709.00
742.00
755.00
732.00
709.00
736.00
703.00
713.00
700.00
717.00
709.00
742.00
732.00
736.00
726.00
715.00
707.00
791.00
707.00
730.00
747.00
751.00
730.00
715.00
709.00
705.00
711.00
742.00
719.00
747.00
749.00
730.00
719.00
711.00
724.00
717.00
711.00
726.00
717.00
717.00
721.00
732.00
728.00
765.00
793.00
757.00
726.00
724.00
738.00
759.00
709.00
709.00
707.00
724.00
765.00
761.00
707.00
703.00
818.00
732.00
717.00
717.00
789.00
738.00
713.00
711.00
713.00
755.00
728.00
736.00
757.00
786.00
782.00
705.00
730.00
721.00
824.00
755.00
719.00
709.00
726.00
724.00
713.00
761.00
772.00
732.00
791.00
833.00
721.00
719.00
703.00
789.00
776.00
728.00
713.00
724.00
755.00
721.00
711.00
707.00
726.00
759.00
713.00
715.00
726.00
711.00
724.00
715.00
711.00
740.00
770.00
782.00
719.00
744.00
797.00
711.00
721.00
734.00
707.00
742.00
753.00
751.00
719.00
719.00
728.00
717.00
736.00
703.00
730.00
728.00
719.00
721.00
721.00
711.00
726.00
719.00
761.00
738.00
709.00
711.00
730.00
747.00
715.00
705.00
744.00
742.00
736.00
801.00
763.00
776.00
734.00
726.00
711.00
774.00
730.00
736.00
715.00
721.00
719.00
744.00
719.00
721.00
711.00
768.00
837.00
738.00
744.00
732.00
703.00
728.00
732.00
738.00
717.00
713.00
772.00
747.00
711.00
732.00
742.00
801.00
709.00
713.00
707.00
713.00
736.00
717.00
820.00
816.00
734.00
724.00
768.00
700.00
715.00
738.00
797.00
793.00
711.00
709.00
717.00
782.00
726.00
717.00
759.00
709.00
721.00
734.00
719.00
728.00
780.00
803.00
734.00
721.00
751.00
751.00
765.00
698.00
713.00
721.00
713.00
707.00
715.00
763.00
763.00
759.00
742.00
713.00
778.00
715.00
709.00
747.00
719.00
709.00
726.00
715.00
728.00
724.00
715.00
703.00
753.00
755.00
814.00
774.00
717.00
707.00
726.00
724.00
753.00
784.00
721.00
721.00
715.00
711.00
711.00
717.00
717.00
713.00
717.00
759.00
698.00
713.00
707.00
768.00
715.00
742.00
740.00
799.00
738.00
726.00
717.00
810.00
780.00
707.00
738.00
717.00
707.00
728.00
805.00
795.00
719.00
717.00
715.00
719.00
761.00
707.00
732.00
717.00
730.00
778.00
732.00
824.00
778.00
742.00
742.00
703.00
707.00
717.00
711.00
713.00
709.00
711.00
730.00
776.00
730.00
730.00
784.00
717.00
711.00
711.00
732.00
709.00
711.00
742.00
719.00
719.00
782.00
707.00
719.00
598.00
726.00
719.00
721.00
744.00
713.00
759.00
755.00
717.00
703.00
744.00
755.00
713.00
713.00
780.00
726.00
719.00
707.00
726.00
732.00
713.00
719.00
772.00
845.00
818.00
692.00
724.00
721.00
698.00
709.00
721.00
717.00
719.00
709.00
721.00
707.00
726.00
715.00
709.00
728.00
717.00
742.00
713.00
715.00
719.00
740.00
736.00
734.00
793.00
721.00
717.00
730.00
717.00
730.00
747.00
707.00
782.00
812.00
707.00
709.00
713.00
696.00
732.00
726.00
778.00
734.00
728.00
761.00
736.00
770.00
765.00
711.00
755.00
698.00
724.00
755.00
728.00
724.00
749.00
711.00
711.00
774.00
795.00
751.00
728.00
719.00
717.00
717.00
789.00
721.00
709.00
774.00
822.00
724.00
721.00
713.00
728.00
786.00
721.00
717.00
709.00
715.00
711.00
715.00
724.00
791.00
728.00
715.00
751.00
728.00
824.00
841.00
824.00
715.00
711.00
751.00
755.00
742.00
717.00
812.00
849.00
715.00
726.00
724.00
742.00
719.00
715.00
740.00
717.00
740.00
742.00
719.00
711.00
728.00
791.00
711.00
717.00
742.00
717.00
715.00
713.00
845.00
730.00
724.00
711.00
734.00
732.00
715.00
724.00
740.00
724.00
749.00
726.00
705.00
703.00
726.00
740.00
726.00
698.00
713.00
761.00
740.00
755.00
713.00
717.00
726.00
715.00
715.00
724.00
730.00
719.00
768.00
747.00
818.00
740.00
698.00
721.00
721.00
747.00
713.00
724.00
715.00
713.00
759.00
799.00
717.00
730.00
698.00
638.00
730.00
703.00
728.00
797.00
799.00
703.00
703.00
730.00
749.00
724.00
738.00
724.00
709.00
715.00
740.00
700.00
717.00
761.00
833.00
793.00
765.00
805.00
757.00
721.00
778.00
713.00
732.00
719.00
726.00
715.00
721.00
724.00
709.00
711.00
728.00
728.00
721.00
713.00
724.00
713.00
782.00
744.00
719.00
765.00
814.00
830.00
719.00
776.00
728.00
728.00
724.00
721.00
719.00
721.00
719.00
742.00
717.00
717.00
717.00
799.00
753.00
719.00
728.00
730.00
717.00
717.00
740.00
810.00
724.00
795.00
805.00
728.00
711.00
721.00
744.00
724.00
776.00
826.00
738.00
713.00
786.00
791.00
726.00
728.00
797.00
759.00
793.00
724.00
738.00
732.00
747.00
768.00
772.00
805.00
801.00
833.00
726.00
724.00
700.00
732.00
728.00
