770.00
724.00
734.00
724.00
747.00
734.00
724.00
780.00
854.00
851.00
765.00
724.00
751.00
717.00
721.00
738.00
684.00
545.00
740.00
730.00
728.00
732.00
621.00
161.00
726.00
795.00
837.00
847.00
491.00
753.00
715.00
39.00
564.00
703.00
799.00
732.00
677.00
4.87
0.00
0.00
482.00
744.00
776.00
807.00
526.00
38.40
0.00
176.00
640.00
692.00
730.00
759.00
339.00
4.75
29.40
638.00
698.00
751.00
780.00
772.00
476.00
279.00
747.00
310.00
627.00
814.00
793.00
816.00
820.00
826.00
306.00
0.00
88.10
577.00
197.00
1.27
2.10
575.00
688.00
730.00
662.00
3.14
310.00
650.00
740.00
770.00
761.00
176.00
0.00
220.00
709.00
770.00
776.00
801.00
338.00
400.00
468.00
757.00
153.00
10.50
44.00
514.00
640.00
698.00
747.00
749.00
16.10
2.10
602.00
730.00
770.00
789.00
639.00
1.39
2.10
591.00
730.00
763.00
398.00
390.00
753.00
776.00
803.00
851.00
797.00
837.00
843.00
744.00
841.00
837.00
833.00
833.00
845.00
830.00
736.00
659.00
686.00
514.00
734.00
732.00
740.00
732.00
734.00
833.00
585.00
12.60
245.00
494.00
3.71
386.00
726.00
700.00
728.00
805.00
826.00
847.00
789.00
172.00
608.00
564.00
598.00
820.00
688.00
143.00
254.00
53.80
409.00
457.00
738.00
782.00
782.00
260.00
27.30
629.00
765.00
778.00
791.00
807.00
801.00
526.00
543.00
818.00
833.00
839.00
614.00
549.00
315.00
367.00
826.00
835.00
847.00
742.00
736.00
734.00
734.00
724.00
736.00
738.00
753.00
856.00
736.00
491.00
835.00
776.00
751.00
841.00
837.00
862.00
759.00
740.00
738.00
327.00
845.00
749.00
728.00
690.00
860.00
849.00
820.00
845.00
812.00
300.00
749.00
864.00
858.00
807.00
736.00
721.00
478.00
619.00
854.00
856.00
573.00
273.00
845.00
849.00
837.00
868.00
833.00
782.00
736.00
732.00
742.00
734.00
744.00
726.00
740.00
803.00
841.00
862.00
860.00
816.00
724.00
768.00
734.00
227.00
235.00
711.00
447.00
734.00
744.00
721.00
828.00
845.00
295.00
268.00
835.00
734.00
728.00
726.00
728.00
774.00
575.00
480.00
703.00
222.00
348.00
526.00
552.00
833.00
564.00
732.00
740.00
508.00
148.00
132.00
554.00
803.00
734.00
734.00
740.00
732.00
736.00
732.00
726.00
747.00
736.00
747.00
816.00
847.00
698.00
283.00
839.00
845.00
856.00
849.00
866.00
791.00
740.00
740.00
736.00
736.00
732.00
734.00
570.00
740.00
805.00
883.00
810.00
602.00
747.00
736.00
835.00
732.00
736.00
738.00
734.00
843.00
837.00
740.00
751.00
837.00
828.00
860.00
849.00
812.00
742.00
747.00
732.00
747.00
742.00
734.00
732.00
797.00
459.00
5.33
0.00
0.00
170.00
864.00
837.00
782.00
805.00
747.00
795.00
761.00
749.00
732.00
732.00
753.00
738.00
734.00
747.00
485.00
7.18
107.00
851.00
835.00
759.00
721.00
585.00
726.00
734.00
732.00
709.00
736.00
751.00
740.00
734.00
734.00
742.00
734.00
726.00
289.00
58.50
252.00
667.00
860.00
849.00
732.00
744.00
734.00
742.00
742.00
747.00
730.00
757.00
724.00
749.00
477.00
380.00
711.00
854.00
841.00
753.00
738.00
719.00
740.00
730.00
742.00
696.00
744.00
579.00
841.00
843.00
835.00
493.00
736.00
734.00
736.00
820.00
864.00
858.00
828.00
717.00
816.00
820.00
732.00
728.00
864.00
875.00
858.00
814.00
199.00
581.00
845.00
854.00
843.00
851.00
843.00
856.00
552.00
438.00
780.00
864.00
835.00
726.00
744.00
742.00
724.00
570.00
370.00
264.00
841.00
218.00
365.00
721.00
717.00
734.00
738.00
770.00
560.00
577.00
591.00
734.00
734.00
726.00
738.00
590.00
1.51
0.00
392.00
763.00
698.00
707.00
717.00
732.00
734.00
730.00
724.00
736.00
828.00
772.00
860.00
732.00
602.00
224.00
677.00
728.00
728.00
736.00
740.00
736.00
810.00
862.00
833.00
830.00
854.00
851.00
854.00
845.00
849.00
862.00
841.00
851.00
845.00
847.00
847.00
858.00
843.00
789.00
713.00
734.00
816.00
856.00
772.00
747.00
742.00
742.00
418.00
1.51
340.00
751.00
862.00
843.00
858.00
835.00
849.00
843.00
789.00
39.30
31.50
654.00
734.00
839.00
554.00
4.40
292.00
822.00
822.00
833.00
719.00
730.00
765.00
835.00
843.00
885.00
299.00
197.00
102.00
0.00
0.00
161.00
824.00
732.00
734.00
728.00
719.00
765.00
845.00
833.00
856.00
845.00
583.00
860.00
851.00
851.00
833.00
851.00
839.00
837.00
841.00
849.00
843.00
810.00
866.00
505.00
856.00
780.00
774.00
740.00
761.00
463.00
818.00
866.00
833.00
849.00
837.00
858.00
849.00
847.00
734.00
688.00
640.00
612.00
547.00
845.00
835.00
845.00
481.00
424.00
730.00
732.00
732.00
744.00
835.00
841.00
864.00
856.00
872.00
854.00
373.00
348.00
849.00
830.00
843.00
851.00
841.00
858.00
856.00
837.00
854.00
841.00
849.00
845.00
845.00
635.00
245.00
724.00
734.00
835.00
826.00
734.00
738.00
740.00
740.00
747.00
732.00
740.00
744.00
747.00
744.00
732.00
724.00
153.00
245.00
581.00
556.00
736.00
744.00
736.00
740.00
770.00
736.00
724.00
736.00
740.00
749.00
736.00
736.00
732.00
747.00
738.00
736.00
724.00
797.00
866.00
854.00
837.00
883.00
837.00
755.00
373.00
3.59
0.00
0.00
380.00
724.00
726.00
730.00
747.00
734.00
744.00
744.00
734.00
826.00
849.00
854.00
849.00
847.00
849.00
100.00
31.50
698.00
730.00
740.00
732.00
730.00
728.00
744.00
747.00
791.00
814.00
830.00
734.00
763.00
849.00
851.00
866.00
807.00
742.00
728.00
744.00
742.00
740.00
734.00
730.00
736.00
738.00
728.00
751.00
728.00
742.00
747.00
726.00
744.00
753.00
812.00
847.00
868.00
851.00
864.00
849.00
856.00
868.00
843.00
839.00
849.00
839.00
851.00
837.00
845.00
856.00
864.00
851.00
843.00
772.00
751.00
736.00
747.00
740.00
744.00
734.00
860.00
860.00
843.00
851.00
830.00
835.00
858.00
856.00
830.00
814.00
864.00
854.00
847.00
837.00
856.00
837.00
862.00
839.00
845.00
893.00
847.00
833.00
845.00
866.00
843.00
749.00
732.00
751.00
730.00
724.00
835.00
877.00
837.00
837.00
799.00
734.00
747.00
742.00
740.00
759.00
858.00
851.00
833.00
856.00
847.00
854.00
866.00
824.00
854.00
854.00
849.00
854.00
856.00
841.00
854.00
849.00
843.00
835.00
849.00
839.00
845.00
858.00
843.00
845.00
851.00
702.00
795.00
805.00
772.00
747.00
736.00
738.00
736.00
738.00
738.00
744.00
728.00
744.00
738.00
730.00
732.00
847.00
837.00
856.00
835.00
851.00
744.00
814.00
856.00
822.00
736.00
749.00
736.00
784.00
839.00
803.00
742.00
742.00
820.00
753.00
736.00
753.00
738.00
589.00
690.00
742.00
747.00
742.00
736.00
719.00
661.00
663.00
847.00
862.00
858.00
845.00
837.00
858.00
856.00
856.00
843.00
860.00
843.00
856.00
864.00
839.00
648.00
575.00
516.00
549.00
851.00
755.00
728.00
726.00
749.00
732.00
730.00
826.00
843.00
854.00
759.00
744.00
736.00
740.00
740.00
744.00
740.00
742.00
730.00
730.00
854.00
835.00
849.00
849.00
845.00
845.00
864.00
843.00
847.00
851.00
862.00
837.00
854.00
872.00
761.00
843.00
837.00
835.00
847.00
707.00
734.00
757.00
835.00
843.00
864.00
843.00
830.00
730.00
728.00
747.00
724.00
740.00
738.00
753.00
742.00
730.00
736.00
744.00
747.00
742.00
736.00
738.00
799.00
864.00
860.00
839.00
843.00
854.00
797.00
740.00
724.00
742.00
751.00
738.00
730.00
803.00
851.00
854.00
847.00
734.00
730.00
742.00
738.00
732.00
812.00
866.00
772.00
726.00
740.00
744.00
742.00
807.00
726.00
740.00
730.00
744.00
