720.00
828.00
818.00
816.00
796.00
804.00
820.00
811.00
800.00
809.00
803.00
821.00
818.00
821.00
832.00
462.00
488.00
816.00
808.00
818.00
816.00
820.00
806.00
695.00
237.00
740.00
811.00
826.00
828.00
833.00
818.00
828.00
816.00
808.00
835.00
816.00
824.00
812.00
818.00
806.00
815.00
833.00
803.00
824.00
806.00
823.00
824.00
816.00
652.00
199.00
98.48
702.00
806.00
812.00
821.00
820.00
812.00
828.00
815.00
788.00
477.00
708.00
620.00
502.00
612.00
824.00
824.00
821.00
832.00
829.00
820.00
828.00
339.00
482.00
804.00
816.00
818.00
808.00
812.00
806.00
824.00
812.00
812.00
824.00
820.00
823.00
425.00
789.00
824.00
815.00
806.00
820.00
823.00
809.00
815.00
826.00
809.00
824.00
816.00
816.00
820.00
826.00
815.00
809.00
815.00
821.00
812.00
821.00
823.00
816.00
812.00
824.00
803.00
824.00
808.00
824.00
824.00
806.00
823.00
808.00
355.00
736.00
794.00
660.00
551.00
608.00
621.00
754.00
818.00
798.00
711.00
826.00
806.00
821.00
824.00
811.00
820.00
820.00
815.00
811.00
818.00
826.00
812.00
420.00
229.00
823.00
815.00
816.00
816.00
376.00
820.00
816.00
818.00
809.00
821.00
786.00
820.00
820.00
821.00
815.00
806.00
780.00
803.00
809.00
821.00
811.00
317.00
821.00
380.00
725.00
540.00
645.00
791.00
816.00
803.00
809.00
803.00
806.00
804.00
792.00
820.00
808.00
818.00
801.00
811.00
828.00
809.00
826.00
824.00
336.00
196.00
462.00
777.00
448.00
341.00
784.00
789.00
801.00
432.00
499.00
749.00
774.00
769.00
776.00
780.00
788.00
789.00
794.00
798.00
800.00
808.00
800.00
638.00
390.00
811.00
749.00
724.00
783.00
744.00
783.00
685.00
420.00
81.30
116.00
720.00
788.00
772.00
780.00
798.00
796.00
809.00
803.00
818.00
811.00
804.00
803.00
815.00
816.00
809.00
811.00
806.00
821.00
821.00
815.00
815.00
812.00
823.00
517.00
332.00
792.00
794.00
804.00
798.00
783.00
806.00
808.00
815.00
801.00
818.00
811.00
806.00
808.00
815.00
820.00
811.00
808.00
811.00
816.00
803.00
806.00
800.00
806.00
809.00
828.00
824.00
640.00
86.74
80.00
80.00
333.00
375.00
156.00
554.00
672.00
711.00
722.00
424.00
573.00
717.00
716.00
744.00
760.00
774.00
774.00
771.00
772.00
800.00
792.00
783.00
801.00
791.00
806.00
806.00
789.00
806.00
316.00
740.00
789.00
777.00
791.00
274.00
80.00
120.00
546.00
100.00
452.00
608.00
653.00
319.00
376.00
613.00
660.00
512.00
581.00
722.00
748.00
764.00
768.00
777.00
786.00
764.00
798.00
796.00
789.00
794.00
796.00
803.00
803.00
808.00
809.00
809.00
809.00
812.00
792.00
816.00
823.00
720.00
231.00
806.00
823.00
823.00
646.00
432.00
820.00
806.00
824.00
774.00
818.00
820.00
443.00
353.00
812.00
806.00
820.00
816.00
801.00
816.00
811.00
815.00
823.00
809.00
783.00
811.00
809.00
798.00
820.00
818.00
821.00
823.00
808.00
826.00
823.00
180.00
780.00
796.00
734.00
454.00
231.00
655.00
692.00
737.00
434.00
245.00
682.00
699.00
736.00
731.00
756.00
777.00
774.00
781.00
786.00
792.00
798.00
789.00
784.00
801.00
800.00
798.00
811.00
772.00
146.00
523.00
684.00
719.00
756.00
780.00
736.00
230.00
746.00
756.00
759.00
764.00
781.00
796.00
322.00
471.00
749.00
746.00
759.00
531.00
772.00
784.00
781.00
789.00
806.00
800.00
804.00
804.00
800.00
816.00
809.00
454.00
598.00
811.00
811.00
815.00
820.00
821.00
816.00
820.00
293.00
549.00
774.00
791.00
788.00
794.00
232.00
396.00
664.00
699.00
725.00
746.00
763.00
774.00
784.00
766.00
791.00
736.00
808.00
789.00
804.00
808.00
794.00
800.00
815.00
811.00
812.00
809.00
796.00
803.00
820.00
719.00
806.00
818.00
563.00
183.00
153.00
85.77
135.00
717.00
724.00
477.00
598.00
377.00
532.00
737.00
746.00
604.00
613.00
771.00
781.00
796.00
784.00
801.00
774.00
792.00
806.00
801.00
803.00
804.00
804.00
798.00
803.00
816.00
809.00
815.00
796.00
812.00
808.00
816.00
801.00
820.00
808.00
804.00
380.00
690.00
776.00
464.00
786.00
812.00
462.00
818.00
823.00
780.00
659.00
675.00
824.00
816.00
824.00
736.00
417.00
818.00
826.00
829.00
808.00
811.00
815.00
812.00
806.00
800.00
821.00
818.00
820.00
818.00
823.00
541.00
692.00
812.00
833.00
820.00
811.00
756.00
328.00
816.00
543.00
81.94
180.00
763.00
556.00
328.00
98.56
83.90
126.00
528.00
692.00
708.00
737.00
731.00
759.00
769.00
768.00
764.00
796.00
771.00
800.00
801.00
811.00
804.00
798.00
806.00
823.00
808.00
632.00
714.00
705.00
578.00
694.00
828.00
816.00
815.00
824.00
771.00
404.00
771.00
821.00
829.00
824.00
739.00
356.00
469.00
400.00
566.00
833.00
820.00
812.00
811.00
826.00
809.00
816.00
823.00
823.00
820.00
823.00
812.00
823.00
815.00
824.00
828.00
823.00
821.00
809.00
820.00
801.00
820.00
821.00
809.00
821.00
818.00
804.00
823.00
820.00
808.00
823.00
801.00
832.00
808.00
824.00
815.00
821.00
832.00
818.00
818.00
688.00
103.00
80.00
612.00
523.00
430.00
566.00
600.00
815.00
815.00
815.00
216.00
290.00
301.00
763.00
788.00
783.00
789.00
783.00
789.00
792.00
796.00
806.00
791.00
811.00
800.00
804.00
824.00
808.00
815.00
806.00
818.00
804.00
823.00
806.00
804.00
815.00
815.00
812.00
571.00
149.00
472.00
660.00
704.00
705.00
138.00
130.00
