705.00
734.00
724.00
789.00
845.00
856.00
833.00
845.00
849.00
847.00
839.00
784.00
753.00
711.00
728.00
482.00
690.00
845.00
849.00
847.00
854.00
851.00
816.00
711.00
631.00
312.00
98.70
203.00
5.56
73.40
182.00
104.00
6.15
44.20
1.90
151.00
49.50
0.00
361.00
617.00
690.00
742.00
763.00
774.00
812.00
810.00
533.00
579.00
23.50
0.00
0.00
0.00
0.00
58.70
526.00
648.00
763.00
648.00
703.00
216.00
403.00
531.00
755.00
814.00
666.00
2.32
300.00
654.00
277.00
222.00
554.00
315.00
522.00
327.00
554.00
11.90
23.20
16.80
9.96
0.00
0.00
0.00
0.00
0.00
214.00
593.00
359.00
518.00
428.00
738.00
585.00
254.00
134.00
776.00
841.00
839.00
826.00
717.00
747.00
740.00
736.00
459.00
4.29
30.20
6.65
14.10
209.00
0.00
0.00
545.00
761.00
795.00
816.00
816.00
814.00
833.00
826.00
828.00
830.00
763.00
738.00
671.00
663.00
747.00
828.00
707.00
747.00
514.00
2.20
0.00
0.00
0.00
0.00
340.00
744.00
431.00
30.10
627.00
688.00
744.00
768.00
778.00
835.00
820.00
267.00
175.00
612.00
703.00
728.00
753.00
791.00
795.00
799.00
826.00
841.00
845.00
856.00
839.00
837.00
467.00
4.63
18.90
682.00
719.00
705.00
789.00
818.00
816.00
837.00
833.00
126.00
0.00
428.00
843.00
818.00
851.00
776.00
736.00
726.00
833.00
675.00
629.00
480.00
319.00
667.00
898.00
728.00
644.00
826.00
849.00
201.00
2.10
554.00
763.00
835.00
875.00
203.00
650.00
629.00
732.00
843.00
740.00
747.00
751.00
740.00
736.00
161.00
520.00
26.60
29.40
581.00
283.00
6.14
0.00
23.10
562.00
585.00
136.00
96.10
2.66
472.00
631.00
675.00
747.00
789.00
786.00
744.00
173.00
37.70
659.00
717.00
698.00
220.00
54.80
617.00
795.00
860.00
849.00
843.00
400.00
552.00
749.00
747.00
650.00
482.00
740.00
801.00
709.00
22.00
0.00
226.00
675.00
709.00
765.00
776.00
711.00
820.00
864.00
856.00
849.00
837.00
845.00
778.00
738.00
593.00
881.00
872.00
877.00
895.00
365.00
51.30
0.00
0.00
0.00
0.00
0.00
0.00
0.00
0.00
340.00
667.00
3.02
298.00
602.00
690.00
715.00
749.00
780.00
784.00
814.00
717.00
46.40
139.00
598.00
38.90
0.00
0.00
0.00
0.00
172.00
428.00
671.00
724.00
751.00
795.00
759.00
807.00
797.00
835.00
807.00
822.00
835.00
721.00
35.10
369.00
786.00
816.00
822.00
837.00
818.00
828.00
824.00
830.00
843.00
814.00
728.00
724.00
740.00
736.00
732.00
740.00
744.00
740.00
742.00
742.00
721.00
751.00
742.00
740.00
732.00
768.00
851.00
864.00
837.00
839.00
851.00
858.00
883.00
845.00
843.00
738.00
340.00
843.00
902.00
889.00
812.00
851.00
866.00
862.00
803.00
728.00
826.00
847.00
841.00
854.00
755.00
602.00
112.00
0.00
0.00
226.00
721.00
801.00
780.00
843.00
868.00
816.00
732.00
738.00
736.00
742.00
721.00
858.00
791.00
717.00
640.00
667.00
705.00
805.00
839.00
826.00
694.00
698.00
409.00
738.00
635.00
447.00
736.00
738.00
749.00
841.00
837.00
847.00
868.00
721.00
757.00
732.00
738.00
736.00
845.00
851.00
856.00
847.00
845.00
875.00
854.00
881.00
271.00
30.70
31.50
62.70
262.00
50.30
591.00
671.00
724.00
770.00
566.00
22.30
18.90
57.20
3.71
33.60
476.00
247.00
707.00
757.00
734.00
732.00
696.00
134.00
0.00
96.50
690.00
763.00
807.00
822.00
828.00
833.00
847.00
845.00
854.00
879.00
845.00
780.00
711.00
738.00
212.00
0.00
0.00
2.10
352.00
724.00
849.00
851.00
856.00
851.00
854.00
868.00
860.00
847.00
864.00
841.00
757.00
738.00
414.00
4.40
0.00
514.00
740.00
171.00
180.00
446.00
325.00
736.00
329.00
705.00
866.00
127.00
728.00
428.00
786.00
763.00
717.00
721.00
839.00
774.00
703.00
805.00
845.00
713.00
747.00
742.00
751.00
715.00
726.00
652.00
690.00
419.00
776.00
172.00
127.00
55.60
159.00
8.60
195.00
241.00
596.00
621.00
638.00
669.00
197.00
614.00
667.00
698.00
713.00
669.00
749.00
835.00
833.00
849.00
841.00
843.00
854.00
851.00
721.00
549.00
302.00
682.00
642.00
671.00
740.00
721.00
753.00
732.00
734.00
724.00
713.00
749.00
816.00
862.00
858.00
868.00
854.00
858.00
847.00
755.00
581.00
199.00
713.00
709.00
690.00
898.00
531.00
736.00
749.00
738.00
732.00
751.00
719.00
717.00
719.00
740.00
696.00
149.00
625.00
728.00
740.00
824.00
776.00
736.00
732.00
786.00
200.00
155.00
239.00
642.00
816.00
833.00
839.00
841.00
847.00
759.00
755.00
847.00
858.00
845.00
810.00
736.00
738.00
742.00
728.00
747.00
736.00
833.00
864.00
833.00
573.00
573.00
786.00
468.00
814.00
812.00
417.00
8.35
566.00
837.00
830.00
858.00
778.00
240.00
730.00
728.00
732.00
726.00
736.00
463.00
9.40
144.00
0.00
187.00
763.00
42.60
34.10
371.00
644.00
759.00
742.00
810.00
824.00
812.00
843.00
136.00
455.00
277.00
696.00
789.00
816.00
833.00
824.00
428.00
785.00
41.90
669.00
526.00
673.00
742.00
740.00
738.00
799.00
845.00
866.00
843.00
866.00
839.00
845.00
849.00
854.00
860.00
590.00
