595.00
659.00
681.00
705.00
845.00
721.00
821.00
695.00
734.00
824.00
756.00
806.00
649.00
460.00
812.00
724.00
528.00
591.00
698.00
773.00
857.00
685.00
717.00
749.00
695.00
812.00
559.00
510.00
773.00
539.00
702.00
741.00
695.00
717.00
802.00
753.00
816.00
780.00
710.00
574.00
702.00
681.00
770.00
727.00
630.00
670.00
698.00
714.00
692.00
698.00
702.00
702.00
702.00
851.00
738.00
659.00
692.00
692.00
710.00
678.00
863.00
753.00
749.00
695.00
675.00
799.00
698.00
727.00
702.00
860.00
916.00
906.00
724.00
692.00
727.00
717.00
777.00
809.00
824.00
731.00
841.00
727.00
753.00
880.00
721.00
828.00
721.00
753.00
727.00
702.00
857.00
710.00
688.00
785.00
702.00
702.00
860.00
857.00
806.00
724.00
688.00
812.00
909.00
695.00
714.00
841.00
705.00
714.00
744.00
753.00
698.00
698.00
710.00
695.00
724.00
766.00
282.00
705.00
688.00
753.00
695.00
874.00
702.00
552.00
564.00
724.00
710.00
578.00
675.00
749.00
816.00
870.00
731.00
773.00
795.00
738.00
744.00
857.00
681.00
705.00
710.00
328.00
552.00
749.00
717.00
744.00
702.00
714.00
681.00
816.00
870.00
887.00
705.00
727.00
685.00
675.00
685.00
806.00
802.00
659.00
702.00
710.00
698.00
714.00
738.00
681.00
692.00
717.00
698.00
688.00
702.00
666.00
789.00
906.00
802.00
659.00
717.00
806.00
756.00
738.00
698.00
714.00
714.00
809.00
678.00
20.20
681.00
681.00
692.00
710.00
724.00
773.00
860.00
851.00
777.00
753.00
685.00
656.00
802.00
692.00
731.00
789.00
721.00
785.00
777.00
695.00
695.00
675.00
773.00
717.00
600.00
727.00
685.00
721.00
851.00
744.00
760.00
773.00
688.00
692.00
698.00
838.00
749.00
834.00
806.00
695.00
741.00
848.00
695.00
789.00
727.00
360.00
670.00
780.00
741.00
896.00
724.00
799.00
899.00
792.00
721.00
678.00
603.00
721.00
809.00
770.00
773.00
731.00
806.00
517.00
588.00
698.00
717.00
714.00
710.00
749.00
702.00
763.00
838.00
710.00
692.00
738.00
685.00
717.00
705.00
727.00
695.00
828.00
692.00
705.00
880.00
896.00
731.00
688.00
692.00
705.00
692.00
727.00
727.00
646.00
710.00
770.00
870.00
727.00
688.00
727.00
831.00
738.00
653.00
58.00
749.00
812.00
675.00
731.00
753.00
721.00
738.00
692.00
717.00
714.00
714.00
714.00
717.00
721.00
744.00
714.00
724.00
681.00
731.00
710.00
46.10
552.00
795.00
863.00
812.00
760.00
688.00
785.00
766.00
749.00
688.00
207.00
744.00
688.00
714.00
705.00
710.00
675.00
695.00
698.00
613.00
702.00
705.00
744.00
909.00
902.00
848.00
731.00
899.00
724.00
738.00
848.00
789.00
702.00
834.00
675.00
663.00
884.00
816.00
753.00
717.00
702.00
731.00
688.00
785.00
756.00
666.00
481.00
488.00
727.00
688.00
789.00
831.00
766.00
802.00
695.00
698.00
795.00
741.00
714.00
695.00
802.00
714.00
714.00
695.00
738.00
698.00
863.00
710.00
692.00
789.00
760.00
834.00
666.00
841.00
816.00
777.00
698.00
460.00
760.00
860.00
702.00
744.00
916.00
821.00
675.00
785.00
766.00
845.00
799.00
311.00
556.00
763.00
760.00
710.00
734.00
727.00
692.00
717.00
816.00
824.00
702.00
702.00
731.00
705.00
705.00
766.00
705.00
710.00
717.00
821.00
702.00
731.00
821.00
678.00
717.00
698.00
812.00
863.00
899.00
887.00
741.00
702.00
724.00
698.00
289.00
659.00
698.00
828.00
702.00
721.00
692.00
698.00
678.00
714.00
714.00
874.00
780.00
749.00
727.00
766.00
705.00
763.00
734.00
246.00
656.00
816.00
717.00
734.00
824.00
717.00
591.00
692.00
738.00
721.00
874.00
828.00
760.00
698.00
744.00
731.00
763.00
741.00
421.00
666.00
721.00
705.00
678.00
698.00
802.00
785.00
766.00
702.00
710.00
702.00
678.00
824.00
848.00
705.00
685.00
724.00
688.00
506.00
670.00
710.00
727.00
695.00
738.00
714.00
753.00
688.00
724.00
717.00
695.00
702.00
705.00
857.00
731.00
717.00
710.00
675.00
785.00
870.00
670.00
727.00
702.00
688.00
741.00
724.00
763.00
692.00
766.00
809.00
734.00
717.00
802.00
688.00
824.00
749.00
821.00
724.00
702.00
710.00
795.00
734.00
731.00
724.00
744.00
756.00
749.00
851.00
392.00
741.00
710.00
685.00
860.00
899.00
749.00
698.00
721.00
607.00
688.00
721.00
705.00
688.00
785.00
698.00
705.00
364.00
484.00
806.00
741.00
802.00
744.00
692.00
838.00
785.00
688.00
710.00
721.00
702.00
275.00
806.00
756.00
763.00
685.00
749.00
741.00
756.00
874.00
792.00
731.00
685.00
738.00
766.00
727.00
721.00
710.00
738.00
714.00
702.00
675.00
204.00
705.00
806.00
773.00
731.00
799.00
678.00
763.00
874.00
766.00
695.00
503.00
770.00
698.00
695.00
702.00
705.00
702.00
734.00
727.00
714.00
688.00
161.00
692.00
799.00
913.00
721.00
688.00
785.00
756.00
760.00
705.00
773.00
620.00
741.00
789.00
666.00
705.00
717.00
731.00
741.00
828.00
698.00
717.00
809.00
753.00
717.00
799.00
749.00
734.00
789.00
688.00
714.00
595.00
438.00
770.00
721.00
721.00
727.00
714.00
721.00
785.00
738.00
727.00
734.00
874.00
770.00
692.00
773.00
749.00
692.00
685.00
695.00
685.00
789.00
717.00
681.00
685.00
702.00
753.00
777.00
741.00
710.00
828.00
681.00
802.00
675.00
695.00
789.00
780.00
777.00
731.00
931.00
749.00
688.00
698.00
763.00
724.00
780.00
741.00
692.00
731.00
727.00
685.00
702.00
702.00
766.00
685.00
