708.07
716.53
442.74
42.56
303.75
239.90
217.47
534.28
820.94
152.22
52.83
223.34
164.31
0.00
0.00
132.21
56.74
167.15
6.28
0.00
137.05
279.36
429.84
423.39
718.81
742.58
753.40
151.78
381.10
753.78
731.95
758.21
811.69
831.10
850.00
845.38
554.14
719.42
751.65
38.37
582.32
709.34
711.29
717.45
836.33
699.73
729.04
726.59
339.12
682.49
824.18
831.82
832.45
847.70
840.95
817.02
715.34
824.88
745.10
754.78
787.77
819.34
847.65
850.00
826.47
850.00
842.48
845.15
850.00
717.00
735.15
772.83
547.35
645.28
737.14
850.00
831.36
850.00
850.00
849.44
729.55
830.12
782.74
762.95
714.23
818.28
820.04
813.17
631.51
625.84
659.22
756.33
732.01
42.50
157.08
177.71
748.97
819.91
850.00
850.00
811.86
844.78
828.53
843.18
751.20
690.48
773.75
712.18
505.49
647.70
745.76
707.10
850.00
846.94
777.16
763.54
745.94
754.15
433.02
121.68
0.00
0.02
289.88
123.57
0.00
119.82
0.00
530.76
784.03
833.65
752.36
742.70
713.84
574.59
503.56
729.13
839.50
850.00
850.00
850.00
838.68
825.02
832.94
746.14
711.10
206.05
423.48
546.87
580.67
143.32
506.90
482.45
0.00
156.26
0.00
172.64
542.98
448.47
790.01
643.69
678.57
503.15
601.96
778.45
723.51
744.10
719.09
824.41
743.13
0.00
489.68
564.30
759.99
809.09
715.50
682.94
738.99
6.58
0.00
118.78
200.57
7.10
215.73
58.18
62.82
0.01
0.03
344.92
487.05
584.67
404.99
737.73
583.42
7.70
0.00
127.54
195.47
182.16
578.53
797.27
703.87
751.02
661.50
726.55
771.87
731.15
764.69
795.71
730.05
744.69
747.49
691.63
715.13
263.26
661.75
668.66
845.17
22.02
232.62
0.00
0.00
0.03
0.01
108.32
0.00
419.67
181.78
172.49
66.80
631.64
60.74
221.03
775.20
754.46
666.88
560.25
720.81
832.59
743.50
742.03
765.45
776.93
731.61
441.75
610.03
716.36
735.61
733.19
757.51
731.28
757.54
738.21
699.31
695.93
133.53
287.60
724.77
849.55
850.00
832.50
743.11
739.40
156.74
467.44
61.17
449.81
774.30
732.13
117.31
407.53
731.69
761.75
454.75
0.00
250.03
104.36
0.01
0.00
260.86
70.88
151.36
36.11
566.65
727.73
766.08
850.00
850.00
835.64
174.34
459.87
375.37
616.32
736.61
693.78
771.59
375.52
125.94
195.49
23.94
75.22
644.70
721.26
732.06
773.10
0.00
757.65
839.30
847.87
850.00
808.35
850.00
816.44
850.00
836.83
829.16
850.00
830.43
850.00
58.19
785.65
691.28
846.68
850.00
751.58
756.88
719.07
466.26
749.16
850.00
837.48
816.18
835.19
835.09
802.48
810.16
844.79
756.07
742.60
708.41
711.94
753.56
243.65
39.47
668.75
734.61
628.76
539.08
755.35
507.77
507.63
760.83
774.25
621.27
763.99
737.43
743.61
744.40
756.11
784.73
717.79
689.82
751.97
765.47
775.72
683.84
727.94
750.58
703.72
734.09
763.43
745.73
735.43
761.80
724.95
748.37
822.07
723.32
710.85
729.94
792.11
844.71
834.71
711.59
745.32
770.34
834.57
816.76
830.67
850.00
838.85
828.78
849.09
840.38
834.55
850.00
833.90
700.98
730.39
639.90
844.33
725.68
77.24
597.68
850.00
850.00
838.51
850.00
829.99
765.34
766.60
846.41
850.00
840.90
836.08
850.00
748.49
828.56
723.01
142.46
0.00
52.62
616.82
761.86
546.47
472.86
547.24
103.19
367.59
767.99
700.17
728.51
775.98
725.71
49.60
416.07
152.76
488.30
652.10
104.25
93.91
465.81
732.69
778.71
843.81
850.00
850.00
820.06
850.00
839.53
153.58
635.40
482.50
850.00
728.67
700.01
773.68
769.85
548.85
53.90
800.70
750.74
841.11
715.63
716.37
744.47
715.14
760.42
822.16
831.75
700.85
809.72
703.02
748.34
453.98
725.86
803.32
759.87
798.43
0.00
473.06
687.16
841.65
750.34
777.46
829.78
850.00
734.24
788.23
763.50
710.66
733.73
433.51
695.81
728.38
739.83
703.11
717.42
743.18
765.05
430.42
850.00
840.60
728.62
824.01
724.55
776.32
745.63
729.32
706.30
730.91
843.50
821.75
832.94
850.00
850.00
821.10
850.00
850.00
823.12
823.08
718.58
94.17
172.40
481.11
241.88
585.25
0.00
0.00
330.53
87.68
413.70
422.65
761.79
729.21
675.36
697.45
738.33
747.43
712.78
749.52
788.12
742.07
51.38
0.01
0.00
0.00
0.03
0.02
0.01
343.55
700.96
732.31
713.47
747.07
731.97
712.69
404.98
734.73
721.28
840.75
737.08
674.94
678.36
743.77
749.03
846.81
828.43
847.06
824.25
833.68
850.00
837.45
850.00
767.67
701.50
710.79
747.76
850.00
790.46
744.93
733.98
36.09
850.00
739.52
850.00
721.11
775.94
178.58
535.84
598.47
384.94
38.87
586.64
691.61
701.51
730.31
708.20
707.95
846.32
812.33
