723.20
733.13
139.16
500.81
850.50
707.66
546.73
42.84
0.00
0.01
57.11
164.30
463.24
571.34
751.67
832.57
842.59
734.56
734.13
838.17
689.74
740.86
381.74
62.15
582.60
697.84
1.53
412.07
705.70
698.64
827.96
777.87
762.30
138.24
0.00
0.00
0.00
0.00
0.02
0.02
0.00
0.01
725.77
719.05
733.65
563.17
581.71
743.10
758.67
637.75
693.20
560.16
696.89
773.02
101.34
351.03
603.54
757.73
751.45
718.83
735.37
767.62
741.49
764.08
739.88
725.07
722.66
800.50
800.25
837.84
821.97
848.84
860.00
819.21
860.59
755.42
862.87
730.70
744.22
743.99
781.67
815.97
201.67
59.71
297.68
148.90
100.90
588.21
199.49
779.47
642.33
685.49
760.29
835.01
858.88
732.35
718.36
824.88
844.66
843.98
890.48
843.92
833.52
798.28
154.73
209.84
720.16
706.80
642.08
203.93
725.91
684.96
829.18
838.97
805.72
829.89
749.26
730.43
900.00
746.89
752.10
745.39
722.67
72.69
32.26
173.26
90.29
0.00
712.97
585.40
510.48
734.51
470.93
70.59
173.91
189.85
702.81
13.31
0.02
246.38
253.02
499.49
638.42
727.65
782.13
733.65
737.70
538.04
733.74
735.94
742.72
689.12
801.02
464.02
827.80
841.08
833.90
831.89
824.67
839.04
808.13
834.93
877.59
861.46
760.82
684.52
900.00
791.68
695.32
721.19
199.20
52.77
810.31
794.97
706.68
798.79
637.49
709.17
774.43
751.02
569.86
749.34
745.19
787.37
178.96
0.00
622.90
765.24
725.67
748.74
846.25
889.49
880.84
844.95
835.99
841.17
829.76
829.26
814.74
838.46
722.54
508.03
726.71
836.62
817.77
844.18
848.68
821.09
780.77
569.25
63.65
228.41
745.21
863.72
842.20
718.91
825.40
854.61
768.29
727.40
496.96
106.52
576.57
753.72
734.08
754.68
713.56
710.07
718.03
745.99
731.59
730.60
817.48
835.56
839.26
838.46
829.55
839.88
851.35
754.16
506.36
456.88
701.70
755.05
479.16
747.61
688.30
877.54
808.68
735.43
713.39
870.58
777.29
855.88
774.98
707.69
776.80
777.95
857.52
790.03
819.91
849.78
91.91
0.00
0.00
0.00
54.54
732.13
512.48
708.58
693.57
753.31
764.59
735.06
787.21
43.55
492.98
769.12
748.51
716.75
677.61
741.45
846.03
813.48
203.98
0.00
0.02
128.05
0.00
229.54
93.29
136.81
188.98
506.29
723.46
752.34
776.87
721.28
668.29
823.89
835.48
840.55
853.71
800.93
818.82
692.26
702.91
823.33
413.96
800.21
826.45
851.51
839.34
838.38
839.42
755.45
738.30
580.03
619.16
731.76
688.05
186.35
72.37
117.66
855.60
0.00
444.22
265.94
674.28
736.64
832.91
692.81
700.83
717.26
716.42
763.80
868.40
803.56
815.31
117.62
365.06
689.27
700.45
751.85
687.10
559.06
39.20
97.62
458.26
665.30
776.65
725.75
738.78
753.01
751.22
835.25
827.91
858.61
868.61
752.89
864.05
850.35
829.60
855.09
828.78
819.11
858.31
793.78
869.45
846.90
824.93
831.91
843.98
825.93
844.60
818.34
852.14
857.50
825.09
810.02
867.98
776.64
808.07
833.22
837.20
818.80
826.96
871.87
690.54
763.27
58.23
0.00
0.00
0.00
0.00
0.00
573.01
551.01
726.97
722.96
821.19
847.58
842.50
861.36
788.62
762.37
727.84
708.45
734.21
753.97
774.78
819.61
845.50
46.65
435.20
631.17
11.84
0.00
0.03
0.02
0.02
0.00
0.00
0.00
451.99
740.93
753.40
704.49
828.90
848.38
841.01
763.14
765.16
69.96
0.00
85.54
68.50
160.12
98.07
0.00
641.34
457.41
509.00
549.19
385.68
533.53
267.49
575.85
0.00
10.08
231.69
381.93
543.96
551.11
742.91
690.46
843.69
823.98
828.85
852.88
839.78
720.42
285.35
0.00
0.00
0.00
301.31
37.27
154.11
373.74
796.80
693.59
740.53
841.74
861.02
756.69
184.82
618.77
862.49
854.37
835.56
820.87
886.69
893.15
844.79
830.07
832.61
832.64
150.35
138.54
11.36
320.15
479.74
57.36
533.79
405.91
706.81
503.19
275.86
532.74
687.07
715.52
726.78
828.93
838.14
691.55
88.35
536.15
89.68
97.07
518.99
0.00
507.19
171.94
84.04
134.17
189.81
229.00
19.66
358.28
698.34
785.03
756.20
751.35
738.33
728.64
808.76
579.58
151.68
0.00
0.00
790.84
710.67
494.12
491.97
761.50
736.13
722.85
831.73
864.61
858.47
858.79
834.68
842.03
860.56
828.58
514.73
517.44
333.31
403.29
857.17
828.04
817.18
827.27
750.53
653.30
370.06
98.26
77.04
38.63
298.32
228.66
0.00
0.00
0.02
152.10
134.96
559.51
687.17
734.94
790.52
746.33
505.85
780.13
869.21
190.31
113.34
53.35
0.01
79.18
0.00
0.02
688.70
736.21
811.03
734.20
848.69
768.63
699.74
714.70
710.18
832.05
314.09
779.29
767.09
699.76
494.43
82.42
0.00
0.01
