746.87
724.59
750.60
332.03
581.31
755.66
748.40
848.81
821.28
843.27
828.93
193.00
350.58
653.92
819.23
856.49
821.65
848.21
812.07
856.01
836.36
839.44
716.68
827.28
841.70
851.99
442.42
840.91
742.92
849.64
828.06
844.20
760.72
743.44
751.61
706.83
724.66
722.47
766.64
703.80
724.06
742.67
721.33
740.39
845.65
830.92
786.11
521.10
20.80
506.58
439.43
125.86
463.02
819.56
372.59
522.01
747.77
670.03
0.00
404.42
745.06
722.28
754.67
763.52
718.07
740.47
720.02
502.33
853.29
848.81
883.93
848.45
846.52
853.89
857.30
848.34
846.23
754.15
733.30
744.05
829.08
843.09
246.52
843.67
812.57
836.84
833.42
852.54
849.46
853.60
378.40
835.08
539.18
767.21
11.69
634.62
805.54
740.97
726.59
736.61
741.32
770.69
753.75
738.67
865.80
799.09
743.76
726.97
15.99
602.38
193.47
686.73
714.32
738.42
728.46
752.44
856.32
798.11
604.17
727.38
468.18
713.00
602.64
820.85
850.88
722.82
744.27
836.42
835.33
827.29
838.84
862.52
803.21
600.85
803.85
839.51
854.18
819.19
268.61
381.58
486.96
728.51
727.69
725.18
377.83
753.81
739.70
761.29
738.28
764.51
748.93
748.11
722.61
821.93
843.68
844.87
844.62
829.89
331.99
159.05
254.87
839.74
813.52
726.62
581.74
735.81
663.24
426.64
19.25
612.81
595.09
752.07
577.69
742.73
753.29
724.51
730.59
733.68
192.82
861.68
737.87
137.18
81.38
631.59
849.58
520.62
622.39
430.18
372.73
0.00
0.00
437.03
864.39
852.09
842.38
759.15
727.23
737.64
832.27
392.98
713.62
747.51
745.33
694.21
712.50
751.69
718.21
758.76
731.35
720.25
356.74
212.74
808.30
838.82
741.59
743.43
746.86
740.88
822.32
844.82
747.39
722.39
746.12
856.42
853.29
853.68
821.78
864.12
840.87
711.51
711.34
747.26
506.23
720.06
719.12
719.43
736.51
832.12
871.85
827.37
770.12
222.70
858.53
303.38
515.78
531.63
717.40
736.81
346.69
813.60
743.59
756.47
725.43
854.80
833.65
830.25
812.93
840.14
308.25
510.90
597.57
714.39
716.87
742.04
757.22
816.84
820.14
738.50
741.14
756.86
750.33
733.97
679.99
133.52
21.79
406.76
123.05
548.55
744.04
715.25
510.69
315.44
844.53
738.25
761.56
600.30
17.92
227.12
578.51
736.61
734.76
753.00
745.85
735.21
756.94
761.76
826.46
829.03
859.00
875.87
864.70
623.56
547.22
823.93
816.80
698.26
839.51
757.19
863.40
633.55
0.00
881.38
295.47
7.73
486.55
713.55
736.63
725.67
900.00
760.34
760.19
855.90
864.31
821.48
727.58
724.31
742.14
729.20
748.50
475.55
747.50
731.23
726.77
744.04
761.19
769.61
400.18
677.33
827.29
833.99
827.42
720.37
425.99
536.47
740.06
742.10
796.78
755.91
772.30
780.25
833.16
844.51
851.09
741.06
816.64
867.80
849.75
828.78
858.19
704.94
841.76
822.87
730.21
770.65
747.10
769.65
515.05
245.41
900.00
452.24
24.92
474.00
702.19
717.57
840.80
834.21
809.57
848.73
820.99
839.15
847.73
418.56
746.63
744.27
207.08
750.51
650.53
841.67
744.85
710.71
0.00
295.89
237.65
487.70
27.38
0.00
262.46
569.18
848.61
856.43
835.58
387.63
768.12
758.65
392.31
800.57
357.72
578.54
750.67
731.20
731.43
757.59
748.70
737.47
756.81
754.45
704.46
321.40
12.68
252.50
6.25
38.53
899.07
357.34
501.89
745.31
814.74
840.11
822.83
830.13
729.44
722.53
798.09
823.71
844.82
843.56
737.89
760.90
760.73
749.36
701.51
750.79
827.80
729.75
855.23
833.82
871.05
801.94
858.42
751.51
851.72
480.78
191.04
225.04
738.32
404.51
559.15
828.46
844.50
702.98
146.71
792.39
664.47
745.21
736.57
280.74
0.00
0.00
16.84
522.62
820.75
840.87
770.06
751.51
436.77
731.09
838.55
828.03
809.92
412.09
806.23
738.15
750.45
744.81
754.77
733.48
732.13
728.61
735.36
743.11
716.62
707.06
748.40
255.99
534.25
408.94
537.95
760.08
763.09
864.37
745.71
900.00
475.17
397.23
179.50
0.00
24.72
10.83
445.74
538.87
9.28
25.47
30.90
333.89
514.91
4.83
416.73
202.53
573.22
838.72
464.86
843.14
447.78
804.67
850.37
861.37
743.58
734.92
747.75
629.26
862.48
816.33
820.76
828.71
858.87
821.13
826.30
834.65
848.37
848.30
822.08
362.37
725.79
1.72
520.75
783.97
756.38
743.55
847.83
816.65
847.41
849.43
818.64
855.14
837.32
839.15
839.67
732.94
745.53
882.99
10.34
405.70
9.06
0.00
9.60
336.40
465.81
338.89
562.94
540.82
735.50
330.33
488.09
724.24
834.46
862.85
758.33
684.86
731.49
749.34
147.55
720.42
726.52
456.80
705.42
741.37
697.17
736.94
747.21
319.01
735.92
725.31
754.87
829.66
720.35
757.99
752.66
759.80
718.13
840.41
