731.55
833.41
850.00
766.17
812.68
712.85
698.26
705.97
677.02
696.71
738.52
779.12
730.51
850.00
686.39
825.38
714.51
729.22
820.99
850.00
682.53
839.20
721.38
674.75
746.27
808.63
681.71
676.07
752.38
727.15
744.97
850.00
716.81
744.15
710.80
707.76
724.85
700.46
828.73
709.38
739.12
713.38
723.63
710.76
677.35
718.86
717.81
735.55
725.01
712.61
758.27
782.92
800.27
710.81
678.08
680.58
621.56
666.57
790.95
655.31
775.69
707.53
774.26
336.99
807.39
699.34
738.02
765.03
690.08
693.61
709.74
709.48
827.16
708.47
512.67
702.20
703.89
720.67
779.92
767.54
698.73
708.45
567.30
785.89
756.48
840.77
693.67
695.73
726.58
699.04
680.06
703.90
705.37
726.52
677.73
719.12
714.19
678.65
715.58
850.00
688.29
213.71
850.00
748.80
695.06
736.86
603.84
674.39
811.26
257.22
589.82
702.73
704.58
799.28
850.00
796.46
828.39
843.45
714.66
519.26
540.64
666.70
744.34
850.00
689.37
653.33
731.93
768.64
832.17
736.25
789.16
740.10
819.57
801.65
765.40
847.58
773.34
713.75
735.46
850.00
724.73
850.00
712.09
775.21
723.04
733.32
706.90
668.90
710.89
719.65
725.03
685.37
719.09
721.41
829.34
784.21
850.00
799.06
749.50
850.00
708.52
776.98
703.95
690.62
694.78
693.63
730.05
726.78
697.14
697.58
730.09
708.19
218.66
476.04
710.18
762.14
714.18
841.47
732.55
663.67
693.80
785.07
739.65
850.00
850.00
799.73
826.56
850.00
773.89
695.24
821.21
762.67
794.19
711.30
689.57
846.52
731.21
791.66
687.34
697.69
700.42
710.76
776.13
744.20
794.13
709.04
838.08
716.03
704.87
730.47
695.09
719.93
739.94
693.29
723.76
707.76
711.44
713.68
703.90
727.03
788.06
783.95
825.44
695.09
758.56
709.94
701.11
757.42
716.42
532.98
748.43
610.61
792.65
716.64
706.38
850.00
300.25
552.46
839.47
731.22
746.44
683.34
714.43
714.61
713.51
710.05
694.58
701.74
708.93
767.42
850.00
727.60
698.60
754.31
676.97
634.67
604.35
725.16
704.48
733.57
712.40
701.77
770.64
819.60
702.42
690.79
712.85
734.69
850.00
789.70
850.00
696.57
652.65
714.70
732.72
713.57
666.88
687.59
602.92
719.67
720.22
850.00
737.05
751.75
774.06
677.01
574.97
698.03
721.30
728.19
744.44
731.83
850.00
816.62
829.83
681.29
661.88
742.62
834.71
790.31
767.91
850.00
850.00
707.95
727.46
662.93
779.64
701.23
709.81
792.17
811.83
682.16
738.49
694.95
719.67
745.16
726.57
548.80
708.48
708.58
685.86
718.26
650.79
743.71
692.94
699.81
759.53
722.86
798.58
850.00
788.65
736.61
732.47
710.89
718.69
713.97
689.58
700.54
704.08
766.30
838.46
687.83
424.12
642.98
843.84
834.72
688.55
714.12
764.13
647.41
699.28
705.78
732.79
731.57
743.96
505.56
707.37
698.89
700.99
732.07
708.73
725.75
850.00
712.67
801.66
712.68
703.86
821.91
803.47
735.67
695.39
680.93
762.29
735.34
721.74
542.34
564.49
684.19
711.96
719.18
687.69
806.63
769.09
696.70
760.95
695.95
722.72
494.52
686.86
692.14
349.56
683.63
820.88
832.69
704.89
683.72
714.11
811.93
850.00
728.91
711.70
688.24
720.24
791.89
747.21
558.53
660.70
705.03
712.98
712.35
778.34
683.91
831.50
724.07
781.17
724.14
752.17
775.52
809.20
826.98
793.63
241.69
749.22
736.44
720.24
682.15
850.00
850.00
850.00
850.00
767.60
738.66
692.40
850.00
739.82
850.00
850.00
787.24
700.38
685.73
750.29
731.11
758.75
705.11
680.50
356.21
666.35
700.37
721.31
850.00
735.92
770.67
216.52
694.91
850.00
850.00
724.39
720.76
710.59
697.87
783.09
801.59
782.46
720.36
695.85
706.90
726.26
736.75
598.89
717.99
812.01
799.02
750.85
744.41
665.28
850.00
716.62
805.02
724.70
710.87
743.67
702.85
693.10
763.06
312.04
560.55
770.71
817.48
835.87
736.19
719.60
735.02
780.62
850.00
732.58
764.97
692.97
697.13
792.79
809.43
785.62
814.39
834.84
850.00
680.16
729.55
850.00
711.78
709.00
819.20
713.19
849.37
711.57
754.02
838.57
673.41
818.21
784.05
808.79
815.38
724.04
814.92
733.61
714.28
701.64
822.50
760.91
698.46
850.00
810.22
801.45
726.60
713.92
746.73
789.25
721.77
707.98
714.96
729.92
715.92
850.00
757.82
232.66
639.73
716.24
716.73
716.82
723.85
631.51
797.43
774.11
729.44
687.77
723.76
810.37
702.51
776.07
704.14
850.00
715.56
777.94
670.88
744.46
724.16
710.57
821.28
745.36
850.00
722.65
708.31
784.35
590.57
686.28
532.75
774.88
727.24
688.24
715.15
747.55
834.43
710.01
714.88
674.62
726.22
420.00
707.10
713.94
850.00
708.14
677.99
750.78
723.56
375.53
588.99
793.29
691.22
722.82
780.44
702.19
698.37
