792.00
727.32
731.95
698.41
706.62
707.54
748.93
735.16
736.27
767.86
739.10
761.51
727.61
722.75
744.86
731.74
781.73
694.74
696.25
745.89
774.31
761.79
741.22
775.43
791.21
666.56
717.76
704.04
720.55
742.72
753.95
706.54
715.61
682.85
765.42
685.30
737.69
760.46
672.95
718.69
751.67
718.77
732.22
704.49
779.13
776.72
714.97
675.23
777.34
738.52
685.63
705.39
757.28
712.12
861.94
746.59
792.17
723.29
766.01
747.20
742.36
673.25
720.02
714.57
705.79
760.16
765.33
754.15
738.24
765.51
702.25
785.50
747.65
713.80
733.70
743.92
668.71
727.76
736.58
680.48
678.27
665.63
751.18
703.66
730.18
757.26
707.24
772.20
723.31
686.39
761.59
727.07
758.38
760.86
731.60
708.16
729.30
739.14
735.11
750.76
782.48
735.18
736.32
709.86
743.01
759.93
789.16
714.43
709.87
749.72
765.36
722.71
718.24
741.78
707.98
757.11
694.51
749.55
759.15
741.24
705.06
766.25
746.63
804.69
707.31
780.64
760.30
684.58
734.45
737.65
738.94
789.61
703.32
794.38
675.07
779.15
716.24
761.71
740.27
756.52
755.77
734.77
675.91
705.17
758.85
717.64
760.56
767.73
803.01
752.96
733.64
740.63
764.99
715.89
745.48
782.26
729.77
730.49
734.57
728.68
730.04
721.95
663.92
700.74
764.65
772.04
710.01
705.74
756.06
728.80
733.35
737.70
753.88
681.65
752.15
734.51
726.45
749.91
746.08
732.35
674.38
683.88
726.50
740.49
735.77
716.20
745.49
757.64
770.44
718.42
693.63
783.06
752.18
757.53
739.32
710.18
778.91
759.15
742.19
712.34
763.26
719.87
719.57
742.21
734.90
791.53
743.55
720.98
770.33
731.65
730.22
684.06
680.43
809.90
717.80
699.73
738.21
730.51
730.24
704.70
716.61
691.79
722.27
741.53
734.70
726.61
678.63
746.68
761.30
642.68
704.03
722.60
701.01
777.00
695.31
725.52
751.60
793.03
727.40
748.12
785.70
759.48
719.55
743.79
735.93
737.19
716.12
724.41
739.00
710.77
720.59
724.32
779.88
726.48
679.66
786.97
759.93
731.12
712.53
780.62
739.39
679.62
737.87
749.08
718.00
758.59
694.54
761.68
743.01
744.33
763.74
702.53
739.40
672.44
741.05
738.16
747.04
743.52
708.42
689.90
706.75
700.51
689.22
804.48
751.15
679.25
733.60
687.92
726.62
690.35
722.44
712.86
715.94
731.05
683.16
709.08
765.57
724.96
707.51
723.52
746.43
680.48
696.83
731.16
751.85
779.04
745.73
745.62
734.16
712.92
740.88
731.05
711.45
779.17
726.24
721.71
733.13
750.03
702.58
733.58
698.02
794.63
675.17
703.87
705.56
742.39
723.61
734.24
751.56
705.15
735.27
766.23
783.45
781.49
705.22
767.15
706.16
780.18
737.82
760.60
716.56
735.17
708.95
761.88
695.71
755.78
733.60
734.67
765.47
727.24
742.05
774.83
729.91
737.59
751.02
772.77
698.05
724.35
779.93
733.68
782.88
771.74
768.47
757.61
705.82
753.14
705.36
732.62
704.34
784.27
752.00
668.85
732.49
746.24
795.27
717.78
741.74
708.51
805.90
739.29
694.66
784.70
687.51
770.98
730.35
710.51
722.85
747.58
755.26
740.16
713.60
757.40
697.30
766.10
757.18
740.77
729.02
701.21
691.95
713.06
725.77
769.43
776.34
720.06
737.01
720.71
720.77
748.87
719.20
727.01
739.20
744.11
784.68
755.62
698.19
636.49
729.30
714.59
706.69
747.97
765.38
753.40
768.84
777.17
699.58
703.93
720.44
732.53
702.00
734.40
737.76
742.36
775.75
717.88
667.41
758.59
781.04
767.30
781.29
758.40
722.95
687.39
792.45
722.61
694.25
727.83
701.74
733.68
699.16
786.54
713.16
758.28
701.31
718.90
743.18
720.59
711.71
670.18
737.22
688.35
721.84
742.30
721.88
680.63
707.55
755.21
728.03
715.26
747.82
736.87
758.96
770.61
755.24
723.82
705.31
761.82
751.83
717.20
687.66
682.44
678.03
730.44
772.98
785.08
749.94
767.92
774.05
779.04
692.38
777.64
646.94
713.98
773.95
748.54
756.82
689.04
693.52
680.09
731.54
702.64
745.07
738.30
714.44
730.27
708.84
755.73
744.59
780.62
699.43
689.52
759.92
714.41
713.77
805.94
754.10
750.79
775.91
742.67
685.31
730.03
714.78
699.45
772.26
755.80
746.36
735.15
688.97
719.37
761.19
742.57
720.92
754.81
673.26
688.52
720.00
753.63
763.95
750.08
718.94
762.70
737.83
738.72
800.85
699.33
721.20
795.72
765.28
679.67
724.92
772.11
719.02
721.65
710.57
690.04
722.64
720.71
783.39
769.12
745.08
723.76
702.34
729.29
747.15
702.09
743.54
734.67
736.86
734.21
760.77
715.58
778.38
691.46
711.86
744.55
691.25
731.67
737.69
714.10
736.38
783.11
751.72
770.74
689.91
754.01
699.80
700.43
701.26
734.84
744.07
724.21
713.88
728.68
760.32
706.82
703.10
713.11
719.58
730.21
720.63
693.95
