732.44
535.11
288.25
464.03
826.63
852.87
735.78
879.47
171.95
442.43
485.52
813.10
436.35
10.06
900.00
760.90
725.82
842.52
835.17
849.11
825.23
846.00
828.51
850.73
846.22
757.71
735.05
753.23
724.26
720.58
608.17
836.86
741.88
733.02
879.29
459.20
480.56
289.07
222.11
691.48
766.67
714.19
725.78
721.86
812.04
834.88
750.18
103.87
730.25
415.70
839.85
851.41
853.14
515.87
622.74
726.89
752.06
720.02
838.41
825.26
598.28
305.34
752.95
778.64
13.98
552.85
874.74
852.90
725.95
284.73
828.85
837.20
668.65
0.00
582.41
264.23
832.55
807.76
870.13
889.84
726.95
812.24
764.48
604.17
409.52
815.40
734.97
726.47
755.60
320.53
842.73
833.17
732.96
733.45
747.38
746.47
774.74
88.47
841.44
816.49
768.31
739.89
758.37
720.05
729.45
834.87
638.23
748.10
768.27
777.36
723.68
734.07
754.42
744.38
292.78
551.85
700.37
301.35
708.35
827.00
832.56
433.56
334.99
731.16
249.81
2.27
6.77
19.84
6.24
633.76
750.16
723.67
570.34
415.23
829.73
877.00
876.73
808.81
848.78
742.66
351.20
478.79
549.22
846.38
748.09
738.16
635.83
718.90
755.94
746.01
750.56
754.15
750.91
715.49
748.40
738.01
315.84
823.94
849.74
816.65
747.59
830.40
719.47
748.23
719.89
742.55
773.57
754.73
247.83
231.66
745.19
727.25
841.55
847.50
820.61
843.47
738.53
726.23
834.43
860.20
845.58
814.60
752.60
733.90
819.86
820.81
846.85
836.49
819.12
720.73
745.07
757.40
297.03
829.46
865.56
754.66
888.49
802.10
832.36
810.80
841.65
820.76
730.15
733.33
747.87
720.45
738.39
748.58
724.49
796.97
480.83
278.52
434.73
14.48
5.35
0.00
516.47
852.08
739.49
711.47
853.14
749.91
711.69
566.67
841.20
836.81
865.42
754.21
827.92
783.50
749.58
567.60
756.98
828.18
706.92
734.71
713.90
716.29
744.37
538.69
410.34
733.26
732.03
712.00
878.07
853.47
855.07
746.98
861.78
837.18
704.87
740.12
719.71
878.69
830.71
860.34
796.22
830.68
866.58
836.48
608.73
635.10
241.15
735.97
19.03
498.44
839.34
714.12
742.24
571.82
310.03
6.00
6.12
159.49
482.85
842.52
550.04
832.85
880.81
6.92
1.13
479.22
789.61
433.29
764.28
715.84
718.84
790.94
837.15
610.25
758.54
747.35
744.95
720.42
761.04
860.61
821.42
801.84
869.14
511.60
716.91
757.33
737.93
5.30
499.98
842.99
839.21
835.25
836.85
844.78
837.07
844.27
749.96
705.84
836.35
761.28
743.50
758.12
722.54
748.14
767.16
499.48
745.96
755.20
753.98
743.97
740.36
737.23
363.52
748.49
748.78
754.12
756.25
830.83
740.51
738.47
719.66
758.30
312.12
18.97
450.21
732.13
725.07
732.64
745.55
275.39
11.30
504.13
390.97
444.68
758.94
737.86
729.14
717.57
705.85
459.28
866.04
615.60
837.78
855.67
865.26
815.40
837.57
847.65
839.96
816.02
882.46
836.17
199.32
740.77
743.64
356.64
369.23
746.84
721.51
745.13
830.06
832.71
837.47
732.31
721.56
736.31
753.05
768.31
734.27
739.55
769.32
738.17
843.87
824.86
745.63
711.23
191.21
15.24
0.00
370.63
25.60
27.36
465.42
388.03
230.60
154.15
642.38
738.57
471.82
728.27
748.19
528.76
1.68
0.00
510.02
339.19
0.00
158.41
23.90
842.30
863.45
819.69
847.62
837.66
846.37
797.66
819.41
869.62
735.51
470.59
864.91
857.32
851.06
114.48
414.12
788.18
719.13
730.59
859.52
830.07
813.55
834.27
877.60
727.21
710.41
137.33
19.65
12.32
0.00
490.53
430.74
840.41
748.53
733.19
776.46
750.88
717.09
762.08
744.08
747.70
618.57
409.39
428.60
771.41
750.37
757.31
426.20
744.24
802.40
518.07
431.68
732.05
745.72
645.98
719.99
186.43
846.25
834.31
841.56
367.71
355.43
0.00
347.88
144.59
396.44
766.57
721.61
755.82
724.95
805.29
821.12
727.28
730.71
815.04
399.30
13.15
405.22
861.57
803.11
846.62
852.82
820.54
808.85
823.80
827.58
860.31
742.30
619.19
819.29
733.38
714.27
738.47
730.92
757.89
743.13
719.58
849.62
822.52
827.03
715.49
757.60
756.27
741.33
716.67
671.38
675.64
256.38
0.00
0.00
900.00
305.10
737.48
834.05
866.45
298.89
866.79
742.64
858.68
852.57
816.66
786.44
829.27
849.52
853.46
746.26
770.32
775.20
739.92
745.94
747.82
720.08
743.76
737.20
753.93
708.65
753.14
744.53
845.60
832.68
713.06
738.68
726.88
724.99
732.06
710.95
756.16
421.93
0.00
27.42
514.92
745.50
761.38
711.35
776.57
726.95
727.98
826.91
720.28
526.19
277.77
647.64
0.00
532.39
747.92
399.12
37.28
264.17
30.80
435.95
847.80
735.73
400.88
334.44
778.82
735.60
829.80
889.75
791.10
637.92
717.09
856.61
830.72
746.81
798.26
