608.46
736.99
696.06
558.68
686.34
727.89
708.78
798.36
700.68
718.01
739.91
766.12
752.14
774.96
764.84
800.61
874.08
900.00
722.49
794.52
778.02
697.44
703.13
699.91
698.35
709.10
671.65
706.87
608.39
834.57
837.99
686.34
834.86
754.35
796.64
714.45
748.54
819.89
784.65
857.22
796.53
749.67
704.00
676.43
737.25
780.70
686.91
560.65
793.43
793.80
900.00
708.45
717.98
827.17
700.20
723.46
695.23
712.34
739.96
800.16
681.37
789.94
177.97
607.64
690.72
730.36
743.61
682.06
772.08
828.79
711.85
885.34
738.38
761.11
709.94
858.00
806.43
900.00
775.23
811.68
777.35
750.86
721.86
759.53
672.73
771.21
856.23
689.12
828.69
772.79
708.67
793.50
873.79
708.53
717.51
710.93
869.20
751.62
741.90
865.34
826.86
848.06
825.87
363.82
703.57
715.76
725.29
706.08
799.60
708.90
485.10
807.51
762.85
900.00
721.76
821.07
668.75
797.80
784.18
790.94
881.31
706.79
847.52
151.22
803.04
695.06
709.74
725.71
737.01
760.45
862.63
855.03
765.90
697.14
723.79
712.29
786.74
710.92
607.85
709.57
711.42
714.15
212.49
606.95
747.28
876.80
860.10
690.41
715.25
706.28
722.65
759.84
709.17
712.73
710.56
703.32
662.41
757.85
625.19
708.45
678.89
717.74
751.06
683.47
708.15
760.06
820.90
705.32
819.54
789.81
733.89
704.01
617.48
732.71
703.13
710.02
805.27
476.88
670.00
705.16
886.56
705.37
674.72
295.57
738.86
726.04
698.94
711.69
701.08
688.79
786.08
795.75
766.73
736.98
685.10
683.52
710.50
829.18
256.64
739.30
733.95
366.79
530.54
577.69
682.27
686.13
72.75
568.11
727.62
718.31
690.41
815.42
708.60
712.72
701.11
698.06
690.22
738.74
796.11
897.18
871.23
847.83
718.45
731.73
800.19
826.72
833.78
733.96
897.17
796.21
626.45
542.38
681.86
109.72
691.40
726.75
846.89
738.96
712.48
767.89
245.61
525.30
704.13
715.11
728.23
720.87
745.13
724.83
701.72
806.75
798.16
717.85
710.60
774.06
802.01
696.78
661.52
723.03
792.48
701.17
650.62
776.75
812.01
724.25
705.39
703.96
723.78
671.16
697.88
680.55
697.94
705.29
695.56
734.05
747.47
779.72
743.62
685.59
711.43
717.30
741.45
679.52
759.35
680.69
716.09
716.03
359.43
742.24
706.42
689.75
717.35
728.53
831.62
773.98
844.70
662.35
688.21
720.41
672.62
836.97
686.81
817.45
745.00
819.42
679.35
872.72
858.03
809.67
759.76
703.78
829.81
871.95
748.29
737.88
710.71
765.64
860.54
684.93
719.40
703.14
762.97
822.90
900.00
661.17
681.35
677.59
691.69
784.77
693.74
778.86
856.81
734.28
699.00
703.36
798.34
649.21
729.05
705.36
718.08
816.95
726.28
270.72
719.63
786.57
900.00
705.48
781.24
672.23
712.41
721.39
721.24
880.77
760.98
398.78
697.02
689.45
706.22
693.81
717.57
312.46
613.96
675.68
773.60
812.90
810.21
714.84
692.25
664.61
802.85
797.47
769.75
780.03
852.17
706.19
713.24
719.96
736.57
229.60
734.88
685.17
240.24
552.25
690.38
701.81
711.57
874.95
670.63
821.05
675.67
723.60
609.00
784.49
720.81
712.07
724.80
736.93
822.88
752.77
755.34
832.42
849.64
712.46
744.88
701.28
735.51
460.13
596.76
812.35
749.51
727.31
734.64
820.70
872.96
822.08
739.12
718.80
701.26
731.02
835.16
833.00
741.67
811.16
740.30
697.10
707.57
668.79
712.24
701.83
782.14
735.59
744.57
715.02
723.85
720.66
821.97
784.45
763.03
342.73
563.50
728.02
591.81
829.94
837.90
578.52
683.19
880.53
842.00
697.51
705.91
719.19
744.94
683.85
815.63
900.00
714.05
697.35
848.18
686.94
830.83
804.23
727.29
720.98
848.99
721.85
715.43
811.03
793.23
696.12
712.74
709.06
800.17
713.05
822.01
855.63
711.99
719.49
703.40
703.10
774.14
726.05
720.03
701.51
790.02
694.59
689.49
842.34
713.88
710.02
741.20
669.50
720.85
669.35
175.58
706.01
727.73
690.83
688.45
728.67
709.71
690.32
436.44
633.44
774.66
721.78
722.28
684.83
707.61
737.63
707.60
715.26
691.18
689.48
701.12
682.41
756.24
691.43
692.29
764.66
672.18
780.72
779.80
727.23
781.30
681.26
727.58
296.34
694.44
786.34
705.76
839.92
302.90
785.01
825.61
837.60
768.83
742.64
787.42
401.14
700.43
794.73
696.81
717.99
705.62
836.13
671.23
532.35
699.19
737.86
727.17
759.43
703.70
708.54
424.53
513.66
719.18
702.58
694.63
702.21
705.48
719.22
681.17
721.79
720.05
733.21
156.08
472.67
739.69
769.80
694.74
804.60
509.34
508.75
714.15
738.02
743.35
728.19
732.58
719.39
817.35
741.32
724.69
705.26
700.06
658.94
693.54
730.33
703.49
216.82
753.84
684.84
805.47
803.62
714.10
739.94
716.03
715.67
699.07
761.26
830.26
900.00
