620.83
733.17
679.14
697.84
724.59
729.68
782.98
699.74
692.47
716.59
712.58
812.42
785.93
709.32
703.08
777.69
720.81
824.85
686.87
808.07
724.01
861.81
714.52
714.60
795.78
860.13
669.48
670.47
750.52
720.76
741.86
721.88
825.70
714.64
690.51
751.36
722.06
811.12
717.61
774.83
715.51
784.82
765.61
707.11
659.58
682.63
820.81
730.90
814.84
240.30
754.89
739.58
749.59
713.42
713.63
873.37
722.43
692.42
695.60
726.06
724.79
778.43
768.52
860.99
693.09
687.23
757.63
830.10
757.95
723.13
399.73
535.16
690.71
529.19
717.32
786.55
795.84
753.08
683.40
747.12
713.86
738.01
694.01
685.29
714.00
790.10
729.71
782.45
726.22
809.92
874.29
751.84
753.77
712.66
714.03
708.43
706.59
705.62
360.48
565.59
737.75
713.58
737.64
680.06
709.49
836.80
688.12
897.68
581.33
698.86
720.69
696.84
705.82
700.94
709.55
686.80
900.00
900.00
827.39
778.25
810.67
745.80
738.64
704.59
836.33
738.51
704.40
796.76
886.44
706.13
714.14
741.61
723.83
739.88
702.33
689.34
714.23
701.25
714.98
704.65
716.89
669.53
717.43
830.66
710.64
461.91
655.60
692.34
701.85
714.47
671.63
720.25
307.58
627.61
722.19
708.96
740.00
671.36
731.20
703.54
882.44
724.86
705.17
110.20
626.27
693.86
720.95
744.76
726.84
734.26
798.78
805.43
686.46
507.67
737.58
705.55
820.17
825.31
689.19
763.51
801.26
841.06
684.12
696.51
673.33
723.30
637.75
690.91
705.99
303.81
646.86
715.74
704.51
725.79
900.00
702.00
756.68
793.01
657.59
365.32
684.83
806.30
532.61
552.75
713.72
809.05
693.53
675.83
788.75
715.12
701.24
833.23
679.09
711.21
727.91
675.00
700.96
785.48
722.43
718.29
851.25
680.18
564.59
710.42
544.48
712.08
702.08
792.06
754.63
742.26
720.11
680.44
829.96
809.25
713.26
681.25
698.99
733.85
842.73
721.75
900.00
792.57
722.76
820.16
723.78
727.99
660.36
798.78
801.39
699.49
775.00
809.08
755.15
818.65
708.80
699.25
704.78
730.26
699.50
731.84
707.31
707.18
762.96
736.64
722.14
176.16
694.91
699.00
774.80
900.00
781.52
715.37
703.03
752.35
807.29
600.48
740.02
720.74
710.95
696.43
832.77
840.81
716.59
723.95
747.18
266.58
652.73
721.53
380.75
676.76
736.17
792.86
696.67
677.24
793.42
882.37
679.58
706.89
825.69
685.96
799.19
764.78
717.88
759.80
868.55
709.35
334.22
576.08
688.67
725.78
731.01
723.08
563.26
577.00
687.69
522.57
651.35
821.66
788.08
720.60
695.15
775.49
808.84
846.13
703.30
699.70
239.64
706.21
707.32
707.41
685.20
704.56
719.48
782.01
839.15
828.83
762.45
716.49
654.84
716.54
697.47
826.88
717.41
806.81
752.69
684.59
680.94
746.63
725.20
720.36
712.86
670.13
842.78
702.80
809.52
749.04
706.26
686.18
716.41
704.84
414.39
697.91
712.38
272.29
838.33
678.39
703.14
700.19
871.50
866.06
702.86
692.61
674.88
700.02
795.32
852.81
739.72
792.10
900.00
729.89
824.91
641.53
721.90
757.84
763.37
900.00
817.44
764.31
290.13
677.65
690.19
739.18
683.40
668.07
799.57
722.02
693.26
703.76
867.12
714.95
748.15
732.79
738.81
573.54
708.43
613.73
760.68
712.50
696.52
713.26
832.86
697.82
705.56
708.28
718.13
686.00
668.39
691.08
678.13
788.44
713.65
720.52
704.36
705.36
715.02
760.37
693.80
672.77
715.42
111.57
665.11
900.00
728.59
726.29
818.70
719.94
722.82
690.36
707.66
684.34
695.33
675.85
686.84
691.05
689.01
835.24
820.87
791.16
736.38
679.81
693.69
712.84
655.04
697.77
806.50
738.17
730.36
722.80
769.49
699.57
833.32
728.14
718.19
791.23
423.35
579.97
738.08
663.16
715.83
714.15
710.27
718.75
711.03
744.11
737.32
797.40
768.52
741.05
689.33
690.07
781.24
836.82
774.46
708.69
816.61
836.19
726.14
714.53
781.44
677.16
702.46
746.02
799.33
827.51
697.52
305.61
800.85
822.86
738.55
735.81
793.74
718.26
766.37
723.78
722.82
822.31
758.14
727.98
706.81
573.11
742.45
710.74
784.73
794.16
690.01
652.74
716.83
776.68
806.43
701.43
823.45
744.21
863.26
842.94
900.00
702.57
696.37
733.92
734.30
726.38
695.97
703.62
718.25
665.45
838.74
708.98
738.36
681.26
712.58
795.28
747.89
780.21
766.73
703.08
447.25
715.61
712.14
888.40
811.92
801.08
820.63
707.43
728.72
879.38
823.85
710.36
885.95
713.20
900.00
726.98
685.99
827.44
724.27
732.26
775.35
726.51
731.30
735.31
716.11
706.41
680.67
813.60
256.49
759.82
774.07
790.67
678.32
706.28
677.57
900.00
689.54
414.47
603.60
762.34
667.61
705.94
658.71
814.74
701.55
882.84
728.32
669.84
693.41
702.52
715.10
683.91
816.13
764.84
665.77
742.06
