488.68
729.31
666.47
653.47
763.17
670.61
824.40
707.85
891.67
718.39
712.83
704.84
790.07
833.85
695.91
683.85
705.38
475.51
685.30
705.00
748.28
732.80
668.79
710.86
691.20
731.38
704.87
808.59
724.17
739.25
796.51
753.27
740.11
779.15
707.59
758.09
824.92
809.50
569.50
643.29
720.21
703.60
708.51
726.12
695.16
778.98
892.31
709.52
718.99
713.37
860.96
705.17
633.44
795.20
693.99
565.61
805.52
766.72
827.45
821.07
685.96
741.41
782.43
686.92
384.63
697.29
900.00
731.29
828.63
740.11
513.68
584.74
805.08
726.59
762.53
805.82
801.92
805.05
800.71
742.40
784.25
675.11
704.46
711.26
711.84
861.36
709.01
694.22
882.95
752.33
874.10
682.27
794.48
676.39
679.08
702.09
73.02
543.92
801.03
789.31
745.37
684.00
813.90
710.88
710.26
786.30
825.53
781.66
691.42
747.78
805.12
744.61
816.56
776.92
520.60
665.69
801.65
742.08
680.38
748.83
698.89
755.31
774.75
848.95
669.12
796.35
841.85
695.44
725.67
889.99
872.56
709.77
720.64
900.00
722.26
714.53
725.08
661.51
710.34
754.60
829.35
727.52
884.21
849.52
620.07
779.96
698.42
871.41
723.59
713.47
598.72
715.25
733.47
672.22
666.76
681.01
705.79
700.34
848.62
826.56
738.19
740.51
690.25
503.17
689.70
799.25
726.73
674.70
681.14
731.62
726.50
795.58
681.05
837.37
703.30
714.40
738.68
676.54
676.43
701.83
697.82
697.91
839.08
801.36
733.94
670.08
741.10
729.08
721.84
664.56
678.41
716.30
819.48
748.92
817.03
875.30
697.51
707.04
831.43
711.27
838.37
673.63
673.39
750.69
697.83
735.88
800.27
729.36
689.28
733.23
871.26
752.55
823.57
827.22
715.24
726.51
710.15
696.14
722.09
750.10
690.52
800.34
676.27
761.95
752.12
670.00
761.97
718.42
730.27
710.77
709.77
675.01
689.72
813.84
673.47
698.92
680.71
752.78
675.03
783.79
217.69
682.91
832.55
846.96
756.26
796.40
765.14
751.13
715.99
695.45
676.68
731.26
775.67
692.19
725.43
848.05
705.86
717.58
765.48
745.01
706.33
813.51
740.76
787.67
709.74
718.18
512.57
619.63
837.82
665.79
688.00
704.53
699.83
695.82
729.03
807.48
756.81
725.09
728.09
813.52
691.93
694.34
568.83
640.42
809.29
670.08
724.75
520.26
695.13
704.98
783.47
810.33
796.46
684.05
823.41
659.40
721.50
900.00
715.48
703.75
729.20
796.28
719.07
627.84
716.34
692.13
724.29
704.61
702.19
826.86
814.00
707.59
786.01
708.87
837.98
852.31
698.37
711.59
745.67
694.10
712.67
662.55
687.25
736.12
690.73
699.59
738.07
718.14
678.10
543.49
707.32
686.06
687.38
718.20
775.09
849.33
698.13
753.33
734.51
706.82
711.07
697.97
675.67
696.30
771.11
713.06
834.92
492.91
526.32
698.42
760.68
845.16
693.36
727.09
732.75
726.90
869.65
722.39
715.10
755.20
809.98
854.05
709.43
728.68
706.64
709.34
715.37
702.66
814.95
702.81
674.45
420.33
582.05
740.50
713.21
702.86
700.42
692.85
683.18
714.41
735.85
737.29
716.70
762.79
704.41
689.29
628.81
708.68
741.37
721.93
783.21
791.36
738.85
698.56
679.64
698.71
796.74
844.33
816.06
850.75
858.96
809.52
668.47
730.68
873.11
884.20
0.00
770.86
733.87
695.84
705.43
746.39
792.11
757.69
688.53
699.42
700.51
687.05
722.49
686.78
674.67
716.95
728.04
750.06
809.07
786.59
714.47
710.94
723.49
714.78
663.36
661.99
734.73
763.40
877.07
900.00
690.91
847.67
681.39
715.72
703.24
736.46
705.79
561.34
834.04
731.02
837.09
119.53
827.08
741.40
755.99
857.33
689.38
697.99
708.56
723.62
597.28
701.73
742.71
703.46
712.09
705.03
692.83
766.04
877.28
750.90
778.37
780.29
700.96
741.48
743.72
688.39
846.31
701.05
695.28
682.73
733.69
756.06
786.63
793.84
696.06
266.78
633.75
881.59
854.97
751.03
755.11
717.29
771.04
712.09
720.23
736.02
833.91
739.23
840.18
577.08
636.41
699.59
720.02
725.15
685.16
431.00
780.67
699.15
804.75
693.16
677.87
723.36
686.86
681.73
697.39
880.24
719.52
715.33
655.17
706.73
692.42
726.88
756.89
713.94
679.05
702.18
732.01
697.54
790.79
667.58
841.86
693.13
701.43
883.55
767.58
863.59
698.79
759.56
689.80
598.06
897.56
707.31
755.29
732.76
687.05
688.08
672.78
712.82
669.18
668.61
684.34
746.44
713.46
714.34
842.61
709.88
873.95
719.57
726.23
745.92
713.92
360.88
683.48
896.46
807.29
702.93
761.73
734.73
823.24
735.51
801.94
772.54
790.37
739.59
686.51
747.50
777.62
723.36
610.60
696.94
751.38
900.00
723.62
706.45
206.80
746.36
735.95
685.82
737.13
798.29
688.96
711.92
539.46
737.27
824.99
726.67
671.08
701.28
475.32
722.98
837.32
764.45
780.82
695.90
