693.82
743.73
693.46
779.45
750.41
724.17
714.38
699.24
757.18
712.97
766.85
765.47
702.02
748.10
682.36
681.22
711.97
708.39
719.18
725.95
735.54
739.91
759.35
720.32
736.90
679.76
723.88
726.79
752.68
736.11
728.68
732.27
776.70
718.65
723.14
717.60
700.39
720.71
726.36
766.35
695.03
770.77
738.44
698.53
716.21
763.09
775.19
787.55
737.96
710.19
738.30
733.88
762.33
757.01
724.18
732.92
778.65
776.08
728.94
775.72
724.27
690.97
776.25
710.79
779.89
779.98
793.67
768.60
804.98
735.86
765.29
763.74
650.53
738.83
726.63
705.60
749.09
731.43
681.73
770.71
726.12
728.30
679.31
705.70
742.23
748.06
699.22
740.52
706.62
717.99
720.80
771.26
721.48
663.49
723.03
762.95
762.47
797.03
761.21
683.69
769.30
746.77
769.18
725.62
688.89
700.48
711.13
727.53
710.11
744.68
731.41
714.56
751.76
749.85
752.03
749.08
738.94
697.15
733.14
700.97
680.15
719.55
736.01
683.52
795.11
736.74
743.26
759.63
748.70
759.95
727.76
729.38
738.47
711.04
740.69
752.56
713.25
788.74
702.71
694.85
702.52
725.56
692.79
751.22
781.47
735.36
705.59
756.84
772.35
802.46
732.93
707.04
740.14
711.28
766.12
701.44
719.78
701.37
723.09
717.82
778.83
717.50
729.52
723.04
718.44
776.31
729.19
752.47
730.70
744.49
738.57
729.70
765.99
737.67
732.62
802.47
715.13
737.43
735.87
760.37
748.83
711.40
699.59
760.57
737.01
729.45
724.15
726.68
781.74
792.75
721.36
702.62
718.73
767.11
729.58
761.37
753.93
729.92
762.31
772.10
802.91
713.69
730.00
762.38
758.37
694.60
728.73
723.74
723.06
676.00
755.51
732.05
746.61
725.33
677.38
741.79
759.04
749.67
706.86
750.56
729.46
743.04
691.63
763.50
714.90
799.68
757.78
693.07
722.97
765.83
769.02
715.58
775.26
758.17
776.59
787.07
778.95
727.48
721.79
674.13
697.42
711.20
685.17
691.00
728.25
705.18
687.23
711.32
761.96
750.32
777.96
755.09
759.00
743.49
735.00
707.84
781.85
742.17
745.41
735.57
748.50
776.65
766.08
740.17
733.60
776.24
744.81
782.90
696.63
732.70
750.87
719.18
740.50
753.15
744.01
704.36
793.67
749.90
749.40
745.22
744.72
699.04
791.01
745.21
728.74
727.91
738.63
733.53
750.18
770.64
787.09
752.00
776.83
712.85
693.14
726.45
746.32
720.12
768.11
746.09
771.88
763.89
745.79
780.15
726.56
736.78
707.13
752.85
736.03
718.67
736.36
709.66
741.76
703.32
701.94
751.05
740.44
693.56
779.20
720.32
754.62
783.54
745.63
746.61
740.82
735.81
678.01
735.11
740.23
768.36
752.19
699.91
756.00
725.03
776.51
744.26
707.96
770.66
718.21
724.13
725.06
725.23
738.14
751.36
780.59
742.93
804.19
724.47
702.47
722.47
736.47
734.67
762.36
745.18
692.62
770.79
718.51
765.12
758.52
755.68
707.14
743.30
746.08
727.03
703.24
805.70
740.30
745.95
766.10
690.37
702.55
694.63
730.92
792.23
719.11
734.90
707.18
698.42
736.79
715.69
790.24
778.04
749.23
766.60
720.97
754.18
771.30
712.77
746.89
746.61
721.21
723.70
705.71
744.80
763.47
707.66
796.15
763.14
714.76
769.58
739.68
800.79
730.37
755.33
791.30
681.27
734.53
705.38
705.09
725.62
745.05
701.73
701.00
712.80
722.79
742.11
719.69
754.22
743.04
796.73
795.31
639.40
704.94
696.82
716.59
739.93
783.67
727.18
728.44
763.90
731.26
757.72
717.93
696.03
754.19
751.46
789.25
692.54
734.08
728.18
695.69
732.70
723.64
739.87
754.48
681.29
754.60
761.37
685.65
728.68
764.79
734.84
687.77
734.91
653.45
739.55
696.28
737.30
808.42
776.70
708.49
771.92
754.41
754.55
725.13
691.18
747.19
760.46
736.67
726.29
730.78
718.42
728.59
721.08
731.98
692.22
795.87
711.29
731.90
729.37
801.72
697.81
739.75
754.62
739.58
741.24
795.64
709.26
739.01
678.29
720.51
710.75
666.47
724.61
700.90
713.42
800.30
802.70
778.69
688.25
702.98
725.26
726.62
754.70
754.71
755.94
784.27
754.50
697.13
740.94
721.35
669.64
768.32
731.62
779.57
777.40
707.80
717.46
778.91
736.45
767.19
731.65
731.26
784.77
779.60
783.41
745.41
750.76
733.00
749.50
688.45
677.52
744.65
718.38
709.54
750.60
640.61
695.70
755.75
686.65
725.19
706.52
705.82
720.31
698.25
797.54
726.00
752.30
790.84
713.05
673.36
726.81
736.06
737.88
731.75
759.85
699.86
700.60
747.48
684.21
736.03
774.13
752.38
693.57
748.28
718.63
706.86
755.05
758.74
755.14
690.62
752.46
759.87
784.58
765.89
670.02
751.66
749.95
717.03
753.75
754.90
753.86
705.99
789.75
719.97
717.40
701.92
718.25
763.53
759.80
729.14
708.92
772.80
727.63
699.93
787.29
759.46
771.97
673.58
685.69
