794.57
744.12
729.62
744.21
785.84
752.15
773.83
799.09
802.17
818.70
817.07
813.03
799.84
467.84
765.18
804.59
808.76
760.40
752.59
742.86
742.21
775.07
794.95
785.80
753.33
795.53
823.51
803.30
813.82
505.05
380.51
815.87
819.78
812.41
755.91
820.24
490.66
779.92
746.18
778.67
744.85
805.64
811.89
822.29
808.22
547.14
432.02
71.72
576.38
615.00
546.65
120.96
589.74
519.95
617.42
829.72
739.92
778.60
829.47
819.45
799.93
804.04
793.72
826.45
832.49
811.74
806.62
808.45
810.05
806.42
820.08
821.57
805.95
796.90
598.46
601.41
327.04
126.94
426.36
568.08
581.87
544.93
718.68
399.56
830.17
809.75
811.99
831.11
810.55
792.93
811.09
769.41
129.83
76.18
110.04
703.29
496.44
756.62
764.64
784.18
775.40
798.42
768.83
752.77
769.72
792.29
493.84
436.20
655.90
564.46
618.83
493.39
846.32
781.03
799.11
783.97
753.89
826.73
817.75
421.31
378.90
335.94
431.91
158.89
525.18
589.31
720.88
811.91
820.18
806.52
815.66
805.88
827.47
800.26
825.84
341.32
800.36
774.37
725.42
790.31
820.81
797.71
832.40
805.58
807.51
828.57
825.31
823.57
811.07
792.77
805.39
817.04
499.30
320.58
368.48
728.56
490.95
500.88
734.65
382.51
755.75
635.69
732.80
818.95
818.98
811.22
807.04
811.56
825.41
813.05
816.41
575.55
700.81
485.87
738.47
646.97
743.84
746.71
796.92
793.84
755.34
756.05
804.54
817.29
820.11
813.11
811.91
825.31
820.56
299.54
710.37
448.86
87.62
668.83
664.41
211.07
804.10
824.55
807.70
813.34
804.61
821.52
601.67
739.63
762.21
347.89
748.36
795.04
769.53
750.88
700.92
592.82
722.55
637.12
810.85
813.12
816.79
812.34
814.78
820.38
794.29
809.12
894.36
846.60
827.69
813.36
821.99
805.89
821.36
818.61
800.79
820.76
820.31
816.35
801.88
825.62
831.37
814.54
805.55
814.23
813.88
817.18
800.50
803.45
807.14
809.81
815.90
818.80
825.62
810.07
798.75
805.96
815.39
823.06
818.90
831.24
802.00
814.75
817.71
811.14
805.46
800.78
823.49
815.93
808.33
314.29
81.70
96.53
205.70
586.51
808.75
774.46
759.12
798.67
735.76
819.97
752.10
784.89
777.51
760.54
781.09
773.45
826.40
793.62
826.97
682.05
103.97
576.88
686.67
561.47
643.47
613.72
751.63
751.09
760.96
820.57
805.80
806.59
832.12
803.56
811.36
387.38
587.09
491.23
754.74
764.05
792.98
782.66
759.80
761.32
802.19
810.59
768.91
766.19
788.62
841.79
780.86
769.72
797.08
786.95
773.30
772.95
769.57
798.73
805.12
821.54
825.38
806.30
799.91
818.00
818.46
784.34
578.72
738.89
764.03
783.86
791.40
760.58
748.20
786.81
772.03
772.82
790.16
771.12
768.55
724.00
811.39
759.93
769.17
778.86
826.23
730.66
522.90
266.28
571.78
599.55
763.89
793.33
777.09
773.35
756.78
768.37
814.90
803.13
742.87
789.21
799.27
821.32
823.90
811.53
819.33
814.04
806.89
624.46
402.12
829.71
809.80
810.92
797.11
801.93
815.19
813.00
802.00
821.71
831.71
824.39
794.68
678.41
421.53
627.61
893.67
479.61
605.96
130.84
681.92
163.79
622.85
759.83
759.49
818.25
790.17
788.64
773.36
785.93
774.72
794.80
822.83
822.38
814.80
796.01
798.79
798.51
832.50
814.11
836.43
822.94
819.70
813.99
825.96
822.67
809.46
814.30
817.47
814.50
824.61
812.52
819.29
807.72
804.32
809.76
810.38
528.56
822.26
816.75
803.83
812.14
806.42
813.55
807.99
870.27
598.18
820.70
812.49
821.75
808.07
800.29
819.73
642.87
419.04
798.05
812.46
812.08
825.27
804.17
815.83
820.75
800.97
809.05
828.17
810.48
815.27
803.32
808.35
825.12
817.09
813.90
816.50
817.32
810.45
808.75
807.53
824.07
809.24
815.58
814.23
803.91
796.94
822.43
800.33
802.18
820.37
483.54
592.90
786.36
813.78
510.20
775.38
739.44
748.31
813.83
810.63
809.57
810.51
815.00
805.54
810.11
809.73
812.34
806.11
813.77
801.57
814.68
803.22
815.24
816.10
813.58
822.84
815.86
822.45
464.36
741.20
760.72
758.60
735.81
763.62
740.04
548.70
817.62
428.71
522.93
686.34
743.98
784.53
750.89
808.57
827.55
802.95
824.68
790.20
823.82
800.71
815.33
802.59
820.03
799.89
828.75
811.49
691.96
724.73
789.67
770.38
809.39
813.47
819.14
826.28
316.92
804.79
805.99
790.58
585.17
538.78
782.40
774.52
821.93
809.08
807.79
818.13
826.86
797.18
424.53
554.56
762.68
799.06
706.68
799.66
813.70
821.29
815.56
821.31
817.99
808.06
802.74
827.93
802.42
240.68
742.52
429.23
367.91
642.17
771.97
752.23
772.21
799.73
738.47
779.09
808.86
783.37
794.12
748.47
828.00
808.83
804.20
805.83
809.84
791.75
803.72
652.17
202.94
445.53
488.52
