797.52
603.72
816.28
806.28
818.44
812.73
801.30
801.94
797.02
813.67
808.24
816.07
811.00
811.90
804.97
768.02
669.44
628.97
613.98
818.92
786.71
767.80
758.85
817.65
818.65
821.18
808.70
804.04
822.93
816.51
816.05
818.72
832.63
813.69
810.81
813.86
813.67
828.10
817.97
796.85
814.07
814.96
817.21
780.92
755.40
835.22
391.12
352.26
630.51
485.19
475.24
707.08
453.95
805.83
804.93
811.73
818.78
823.82
801.23
826.82
807.62
809.51
819.56
834.18
789.15
816.07
812.90
811.36
564.32
596.65
688.63
766.98
814.47
795.90
760.99
756.85
770.03
748.56
802.15
767.79
795.35
787.05
811.05
806.72
815.07
797.31
822.41
809.36
597.58
588.19
741.53
811.12
825.62
827.03
819.78
815.17
556.58
738.03
515.85
799.20
809.86
810.10
803.21
810.47
803.88
812.36
816.93
829.59
818.63
810.64
824.27
814.62
818.00
827.09
829.45
809.88
806.36
830.78
810.95
819.11
813.91
673.25
527.19
565.38
580.89
562.88
861.48
757.18
569.38
587.53
807.87
820.43
524.08
678.07
514.78
757.09
792.18
764.24
636.38
595.78
803.80
828.41
831.49
800.77
793.46
811.81
791.21
810.13
818.36
804.48
806.20
818.59
812.75
811.47
800.41
308.60
683.87
805.96
366.23
652.97
372.10
630.53
351.47
734.91
809.81
798.17
811.67
823.60
799.07
805.77
806.06
337.08
823.26
817.96
684.81
815.56
792.93
817.56
809.73
811.60
804.08
811.10
799.77
634.68
794.93
751.48
748.87
731.06
762.26
754.40
781.20
767.27
776.04
754.98
789.21
770.08
760.51
798.80
787.38
782.26
782.31
809.53
772.91
815.17
782.63
377.58
116.74
604.53
465.97
795.95
153.55
127.51
112.00
137.08
24.30
139.78
797.51
808.93
808.00
781.66
794.82
810.54
813.88
807.99
806.05
727.81
745.97
764.72
767.02
820.29
817.01
802.32
824.89
822.63
813.16
807.39
801.20
815.19
806.58
811.51
815.34
809.59
824.51
450.32
677.47
757.27
776.27
802.77
786.80
782.63
802.23
757.67
761.02
444.65
786.23
776.24
768.23
763.08
777.93
774.05
777.54
805.46
757.54
784.02
778.95
799.20
780.56
826.29
614.85
148.13
727.31
650.81
627.92
349.81
900.00
574.82
672.54
450.90
505.42
653.35
754.48
767.82
795.43
773.42
786.33
764.33
749.60
786.99
551.48
787.55
805.64
513.06
775.40
793.75
731.74
791.22
754.29
816.20
801.81
805.29
823.11
802.80
634.69
810.17
799.97
531.83
494.11
530.51
251.57
776.35
726.60
797.43
800.19
813.90
800.66
804.18
811.81
803.85
826.52
813.10
818.89
853.00
763.58
784.48
815.79
802.61
806.10
796.98
816.66
806.29
835.95
598.19
117.58
427.03
624.97
75.72
76.89
818.80
779.90
826.58
826.02
808.43
817.84
816.80
807.85
828.27
814.63
809.79
800.49
361.52
794.78
793.98
756.80
802.34
796.18
809.39
806.26
306.62
812.82
826.80
687.84
310.48
505.13
509.44
539.91
816.95
824.75
833.64
806.92
815.49
833.19
799.44
809.52
826.86
824.20
816.22
810.44
815.27
809.66
801.55
816.85
822.66
810.17
809.45
823.92
811.43
815.60
801.43
815.23
819.78
806.38
791.93
813.17
808.58
807.04
821.41
809.40
820.21
798.59
684.77
436.26
586.22
103.38
878.03
529.17
332.18
813.05
820.31
812.35
814.87
794.36
827.89
812.98
810.39
820.79
813.78
808.12
822.96
812.19
812.18
815.27
159.49
421.57
640.16
701.16
805.37
799.35
818.02
809.89
726.42
745.93
533.94
235.24
293.47
753.35
793.87
743.46
809.75
822.64
808.26
816.54
813.02
821.99
812.94
806.16
817.49
803.69
813.54
830.68
666.56
729.70
705.95
704.76
334.87
793.56
781.83
796.93
811.76
757.11
765.93
769.23
786.05
794.81
738.52
782.62
717.71
812.52
823.25
826.17
820.73
829.90
819.09
819.62
817.53
810.10
837.78
530.64
773.61
770.87
753.75
793.77
766.04
737.82
781.82
762.80
785.13
771.35
800.88
798.72
808.89
796.68
820.49
816.06
818.08
816.26
817.55
794.78
814.69
792.68
822.70
826.00
827.66
797.27
819.88
814.17
479.25
798.94
821.29
803.45
804.63
789.23
806.14
817.86
826.64
316.33
110.92
115.56
368.61
82.19
139.18
573.58
817.60
811.86
782.31
771.65
797.52
757.04
774.48
762.99
747.65
783.56
778.29
812.44
761.91
463.80
824.81
822.90
803.48
816.96
824.47
818.55
821.38
804.24
624.31
817.87
517.02
808.93
799.17
799.40
819.75
815.64
806.08
797.11
815.39
803.17
824.31
817.87
815.66
806.32
829.85
821.55
809.87
807.28
819.54
808.46
814.45
807.19
806.54
811.16
801.00
813.30
797.12
811.99
807.16
807.76
808.01
803.91
829.90
826.62
813.00
810.51
383.30
725.59
502.00
549.26
762.75
326.88
810.40
558.36
627.65
787.91
774.12
787.02
793.16
806.04
802.62
819.87
805.81
801.05
814.41
