776.40
241.92
754.65
472.21
602.70
141.21
72.80
604.22
564.08
656.81
482.52
523.96
802.51
811.45
824.36
816.77
813.25
812.39
808.57
802.37
818.92
813.63
830.49
816.86
813.28
812.79
811.49
811.27
813.97
807.47
824.94
809.98
801.23
809.77
644.09
462.92
385.14
810.08
808.75
820.16
827.87
811.54
822.73
810.60
334.48
721.53
779.28
764.51
783.88
747.60
745.11
817.30
812.95
804.34
814.81
812.85
810.34
797.91
803.65
821.49
726.13
561.21
479.90
729.47
292.05
813.76
809.25
793.10
816.29
809.04
585.59
778.37
756.16
784.20
779.64
487.54
603.97
164.49
707.08
814.83
818.24
818.95
807.84
813.00
819.24
821.34
830.88
804.75
799.75
560.45
347.63
746.65
718.58
813.93
792.07
771.97
783.00
756.83
764.16
814.35
772.13
415.93
748.25
798.12
850.00
675.51
817.73
813.11
800.64
817.13
830.79
801.92
801.40
818.56
816.83
802.52
825.56
812.52
819.52
801.10
804.26
824.72
820.55
817.71
810.31
827.44
818.82
807.99
816.05
821.90
811.27
823.73
813.93
832.52
790.98
806.34
819.48
804.71
822.76
807.91
516.41
475.28
82.12
612.85
745.17
753.98
764.67
771.73
753.53
765.39
773.08
798.54
810.24
786.39
757.06
792.96
764.80
798.78
773.48
765.78
821.42
830.82
794.05
825.40
807.85
794.37
533.57
664.15
778.73
806.89
802.07
765.02
796.84
719.24
787.26
759.71
823.33
725.63
789.66
791.45
796.68
778.88
757.16
808.10
807.24
819.15
780.19
823.33
806.97
784.22
802.27
796.33
810.70
822.57
816.47
819.61
821.10
404.43
787.09
529.34
813.65
820.32
827.24
811.74
812.76
805.72
803.95
670.54
809.25
811.92
810.16
826.86
811.36
799.11
811.19
814.32
820.51
808.62
815.12
816.88
820.84
803.68
820.33
806.53
804.20
810.27
699.35
808.56
778.13
745.98
728.77
746.17
776.79
775.38
779.48
795.94
783.35
850.00
397.22
392.46
713.81
850.00
762.93
743.24
787.70
800.67
781.86
769.40
769.44
803.31
836.98
818.75
819.53
807.22
821.65
441.60
795.00
422.21
762.74
779.33
806.54
277.14
820.12
806.15
818.73
427.92
438.35
793.33
793.57
771.65
764.88
788.74
762.92
756.15
734.96
798.79
768.46
784.17
738.97
799.01
799.98
773.41
816.71
816.80
824.71
824.77
798.37
808.46
806.18
818.91
801.23
802.85
814.12
801.53
807.28
815.04
811.96
809.60
812.46
808.52
829.33
530.18
557.89
789.80
792.86
780.85
769.61
774.48
745.10
738.83
823.44
794.72
782.56
806.21
776.84
336.36
67.94
521.30
805.55
614.62
370.97
541.08
608.79
378.77
444.46
296.38
754.57
771.00
767.44
795.11
793.79
772.29
770.08
803.78
806.78
807.03
815.43
825.25
824.09
825.27
817.43
671.76
658.39
433.68
460.76
807.80
783.86
772.48
811.23
803.76
720.51
762.64
295.74
808.55
810.90
796.54
816.39
828.97
822.35
821.26
812.15
811.62
813.42
788.96
828.71
810.10
803.26
811.81
273.91
526.61
387.66
590.08
510.27
440.33
498.19
545.32
795.16
570.81
802.37
810.31
809.75
822.46
808.70
808.89
809.54
773.43
417.68
104.94
350.75
790.15
714.55
490.79
809.70
809.82
818.96
826.98
818.22
805.78
803.21
809.99
801.40
815.43
825.21
821.53
825.39
471.76
752.05
833.39
834.78
810.11
825.86
812.12
819.62
822.90
341.63
195.49
821.96
88.74
239.06
699.09
376.98
566.34
518.01
495.47
797.57
810.39
811.29
816.72
822.03
801.23
808.92
806.13
817.07
806.55
789.21
819.41
784.33
550.43
365.12
521.34
590.26
723.13
790.58
782.37
745.76
785.42
730.76
764.18
780.26
749.04
761.36
665.97
469.85
70.01
90.18
259.28
814.84
813.03
816.38
538.24
792.06
752.75
779.67
750.17
821.00
581.13
610.24
404.73
670.07
803.50
801.51
808.44
803.52
822.18
813.54
801.36
827.46
806.55
800.71
807.22
428.61
801.07
569.20
479.26
451.74
753.52
787.03
772.48
750.98
808.70
561.04
796.71
829.04
773.39
808.15
792.54
810.45
813.77
822.19
801.97
815.97
507.04
812.59
822.03
807.93
811.31
805.24
806.42
803.58
799.47
809.54
799.07
830.76
663.68
587.63
824.81
828.56
830.80
811.25
806.51
819.34
805.05
813.73
818.88
812.38
817.52
812.05
820.59
810.04
776.56
257.77
565.84
757.57
791.61
828.54
808.83
419.56
834.58
148.93
604.95
355.98
801.83
850.00
441.91
94.57
103.12
446.48
797.34
382.53
808.05
830.58
806.44
822.45
624.62
755.25
786.25
801.62
501.69
821.26
814.21
805.36
802.81
808.37
828.04
816.97
617.09
163.47
372.19
635.13
546.37
729.88
765.22
767.58
741.37
783.40
783.84
799.83
728.78
762.07
763.34
752.58
778.37
772.93
808.43
713.67
823.31
804.25
808.43
819.10
814.58
792.66
816.54
819.17
808.47
811.01
812.82
809.53
791.95
803.37
822.49
