657.96
765.64
716.06
708.23
673.94
759.81
556.42
554.79
667.62
603.88
759.90
862.46
847.88
850.44
837.59
711.05
715.25
889.93
856.91
847.51
837.19
804.03
854.83
834.25
838.56
839.75
849.93
853.83
832.84
844.88
832.18
704.79
838.28
878.96
845.38
827.07
807.72
849.04
845.09
749.89
880.68
859.62
820.50
789.92
835.72
841.72
750.44
780.78
769.72
731.17
721.67
816.33
849.04
823.24
871.80
853.18
834.58
851.16
856.23
753.68
763.38
748.16
828.76
741.16
651.34
510.88
188.49
427.69
664.69
687.01
759.26
248.39
0.00
147.58
0.00
0.00
672.55
34.29
610.03
626.98
77.64
53.11
508.46
837.84
834.97
823.48
836.55
842.46
789.42
727.73
845.86
486.77
593.87
658.43
81.66
0.02
0.00
0.00
0.02
540.68
0.00
565.69
747.58
721.04
734.50
735.19
593.68
746.52
819.44
816.13
821.21
831.37
752.45
625.30
583.20
500.63
423.60
753.03
787.62
732.35
867.98
799.62
852.03
868.33
847.47
829.95
831.24
852.86
821.77
753.51
761.08
758.58
675.02
746.28
725.45
742.86
747.09
731.99
715.25
752.46
846.78
844.92
832.79
838.76
868.63
819.91
844.47
814.40
840.77
721.68
753.16
731.24
753.24
834.10
825.94
823.38
827.10
832.03
834.68
728.82
715.89
709.16
738.14
731.25
757.28
129.24
129.47
104.28
113.81
0.01
68.52
351.12
287.02
13.39
679.41
836.88
831.20
823.69
855.63
736.20
722.28
753.48
834.20
893.36
806.34
659.74
773.64
664.45
848.65
838.65
834.91
866.57
856.43
852.49
868.34
850.14
841.13
877.84
759.16
550.69
422.63
745.08
813.50
854.31
770.26
703.35
733.29
715.68
838.62
821.87
748.62
822.56
789.61
738.21
686.53
751.02
742.88
721.30
841.29
836.21
848.98
518.76
68.91
24.92
40.84
0.00
427.69
328.52
681.44
739.33
783.85
791.09
763.38
527.49
689.42
832.32
865.13
765.54
117.67
416.61
318.05
754.82
397.20
722.69
731.11
744.95
830.18
842.43
759.81
832.00
708.91
500.78
836.49
854.69
745.07
724.92
768.99
765.65
764.06
699.25
727.44
738.89
607.07
755.97
325.79
728.04
693.54
740.82
835.05
766.50
721.47
753.51
0.00
900.00
206.89
119.34
546.93
827.05
826.86
809.99
754.17
707.76
741.05
78.43
530.50
842.45
856.10
872.16
840.47
874.00
839.08
818.04
713.88
716.23
861.75
843.87
737.53
769.71
760.10
833.11
853.10
855.39
828.88
749.42
166.07
0.00
0.00
692.88
172.37
182.77
0.00
36.53
0.00
0.00
64.42
137.11
900.00
471.43
368.49
393.46
212.11
677.74
701.21
730.52
0.00
129.13
0.00
0.00
144.83
128.20
171.88
593.17
466.94
242.89
284.98
89.10
0.01
245.43
0.00
644.31
95.72
43.39
421.20
574.36
510.31
671.76
760.61
764.57
856.61
857.55
831.68
825.17
836.49
786.28
692.25
69.67
0.00
643.55
845.16
384.18
695.38
834.10
865.63
830.34
861.06
865.80
776.79
830.56
830.24
815.22
846.46
843.34
814.79
236.49
18.48
107.77
0.02
469.63
662.85
321.74
834.98
836.83
787.61
783.14
876.06
820.75
852.10
851.80
854.12
829.70
539.41
164.72
740.64
817.74
584.55
737.85
787.09
758.22
835.88
865.19
755.39
739.18
607.31
559.87
832.26
828.15
837.74
832.08
97.49
556.81
641.79
223.90
483.59
652.72
789.56
746.02
720.12
673.86
728.83
742.16
568.04
747.48
759.16
695.67
809.13
857.92
731.34
725.56
716.59
809.21
830.66
177.29
452.17
709.79
691.15
384.27
706.07
790.57
761.73
601.59
114.09
189.24
569.87
643.16
718.65
749.06
834.78
860.07
856.07
421.55
726.69
716.98
867.52
835.07
828.00
826.53
890.30
701.46
877.22
869.45
848.39
846.94
394.32
717.63
83.81
167.67
338.45
756.47
729.15
695.39
860.22
872.75
859.95
868.66
817.06
863.39
762.22
34.85
298.11
435.99
428.25
770.35
0.00
414.44
740.57
813.02
779.16
772.43
750.72
817.48
832.82
817.52
846.47
859.04
880.89
835.01
856.99
742.82
740.97
830.35
846.21
846.52
821.67
416.86
770.13
727.63
369.25
759.85
800.56
87.13
388.01
724.39
831.60
719.60
725.10
770.52
733.90
284.46
466.15
686.44
41.33
0.00
0.00
119.65
12.63
556.46
612.82
733.62
747.03
734.76
692.76
758.08
699.68
763.16
770.44
777.36
698.58
736.43
189.18
599.60
697.78
717.59
813.38
835.33
0.00
812.54
727.10
752.71
720.65
763.03
563.84
488.46
750.12
730.17
732.53
746.50
133.54
337.56
0.00
0.00
132.67
489.48
762.45
547.89
755.24
823.10
805.27
708.56
735.78
777.69
876.81
864.00
838.21
848.98
834.97
741.79
691.85
625.79
659.17
190.27
220.27
0.01
727.86
437.16
251.28
853.51
149.52
0.00
65.87
195.13
0.00
129.40
261.03
347.40
460.76
827.17
861.59
830.06
820.71
745.95
