722.98
745.53
827.60
740.70
731.17
855.59
885.81
853.86
866.79
417.77
824.25
824.39
851.75
540.97
741.25
761.03
823.88
836.46
747.25
746.62
716.83
717.52
725.40
708.45
843.87
758.68
728.79
747.60
729.03
768.59
737.22
337.48
743.72
766.76
386.24
199.78
563.10
827.18
837.14
715.33
743.41
768.40
819.55
814.90
818.39
728.23
741.64
742.33
746.45
728.36
713.37
732.92
733.27
645.79
398.21
562.71
651.90
737.58
713.92
766.23
752.13
848.40
808.65
470.35
521.47
828.06
855.28
794.24
734.62
747.62
0.00
317.35
768.08
709.61
832.92
766.86
825.40
841.12
844.86
737.91
747.38
729.46
731.52
878.78
836.46
812.05
815.28
846.66
710.78
743.00
722.48
742.89
8.18
19.80
476.68
840.91
759.36
848.42
843.19
834.97
840.52
824.62
833.39
765.57
767.86
736.91
731.90
741.59
732.68
731.67
732.36
822.11
744.01
718.84
746.33
722.87
399.49
16.68
0.00
755.63
746.06
734.18
738.30
729.95
0.00
398.92
840.55
825.56
853.39
832.04
727.51
716.02
758.09
750.62
731.96
692.83
737.22
717.63
756.30
715.60
768.92
737.17
184.18
822.82
860.24
741.54
739.47
435.58
521.82
680.58
872.36
860.27
426.96
448.49
577.90
13.25
894.88
476.62
753.59
0.00
117.27
1.87
0.00
766.02
769.62
802.26
852.06
861.92
814.57
818.70
730.36
729.82
749.47
721.94
720.52
727.86
738.35
338.02
549.32
597.60
738.28
755.88
230.98
535.40
329.49
856.06
303.79
741.89
736.81
842.47
721.85
723.87
757.13
741.36
762.50
736.37
873.06
707.02
722.10
856.43
822.74
846.31
848.62
841.95
823.24
834.83
803.67
850.07
817.55
410.75
13.07
0.00
20.50
744.63
0.00
459.48
173.51
834.25
847.51
831.04
842.44
834.66
831.83
282.55
126.54
724.92
695.93
821.08
866.36
858.02
829.19
838.75
851.26
730.78
900.00
400.64
411.31
741.29
730.29
655.84
262.93
826.82
806.17
845.67
757.65
736.76
183.39
0.00
730.60
411.50
452.24
318.34
0.41
334.41
359.77
740.63
819.61
746.54
756.06
747.22
712.97
769.82
761.73
708.17
762.44
765.67
749.51
736.47
740.17
606.27
475.09
734.73
742.57
833.38
714.98
699.30
746.14
810.08
840.80
849.85
724.16
734.18
741.74
861.55
820.46
139.81
562.89
443.10
10.32
0.00
622.36
809.55
855.87
835.59
391.62
743.87
778.48
723.46
854.05
767.98
306.50
500.21
722.72
403.30
856.67
862.92
856.61
830.28
831.87
833.54
494.73
595.15
489.36
730.25
744.66
834.29
538.85
726.66
710.15
706.80
741.67
744.89
723.73
719.59
734.00
758.14
850.45
706.44
763.17
714.48
735.60
830.54
317.47
803.23
732.19
853.87
856.62
858.58
724.84
708.45
815.31
830.89
746.41
841.80
723.74
742.37
842.36
847.63
726.93
754.86
736.69
739.71
737.01
577.50
359.12
732.84
859.46
853.88
858.19
846.75
814.43
850.69
746.26
739.02
441.69
178.59
366.47
726.86
740.81
386.33
762.46
748.88
190.53
804.83
744.32
732.92
731.03
724.30
740.01
741.16
727.48
696.85
745.42
758.04
731.96
832.89
763.17
736.80
743.56
747.49
727.97
763.07
836.72
469.14
0.00
766.62
701.50
841.49
843.71
819.72
848.10
821.57
843.17
845.29
860.32
760.22
713.43
422.34
530.82
873.26
733.61
808.27
830.59
729.34
716.45
769.07
0.00
605.70
565.22
836.96
753.84
371.62
719.86
727.59
709.61
733.70
821.49
848.40
815.88
121.07
753.86
757.52
745.06
748.57
848.95
841.49
900.00
747.75
729.73
734.39
710.67
847.84
834.84
79.66
105.85
161.11
758.75
752.84
490.32
32.10
0.00
713.43
651.70
736.03
618.41
731.38
797.93
750.04
762.64
699.10
746.75
726.60
826.96
842.96
220.37
555.63
735.74
761.57
757.13
739.44
814.83
827.05
871.97
835.99
729.30
685.64
738.76
744.97
425.26
721.99
251.68
358.85
815.47
846.16
877.41
825.35
798.11
862.10
828.53
72.59
0.00
819.24
839.49
776.31
737.89
721.34
344.90
0.00
38.59
17.62
529.01
323.09
137.15
842.16
721.75
746.23
767.11
749.37
702.32
751.69
740.39
730.91
758.24
598.18
708.25
746.78
511.61
829.72
860.76
842.72
843.70
832.08
819.61
847.39
869.26
741.87
747.90
729.02
737.42
744.29
711.08
715.48
411.41
4.78
621.21
453.41
867.85
842.89
730.98
755.66
708.16
715.39
739.52
755.92
752.33
346.30
819.72
732.28
735.80
730.55
737.92
746.01
750.87
870.39
849.79
398.52
850.96
817.84
817.74
831.73
853.86
828.09
858.07
833.14
717.17
726.41
342.05
405.47
320.93
70.12
612.07
0.00
760.28
734.72
740.79
465.85
759.43
482.24
223.44
741.54
748.77
741.14
846.73
848.69
810.61
514.07
32.50
755.46
720.89
777.68
733.45
751.03
743.49
533.98
825.30
715.55
817.80
680.91
20.18
524.90
