757.10
726.76
717.81
749.88
786.12
766.69
703.02
792.03
704.82
783.19
730.76
713.49
731.14
764.26
756.27
783.04
765.55
734.12
682.66
770.38
774.13
759.78
694.39
696.51
710.52
748.61
730.40
749.52
741.77
713.51
677.72
756.47
779.01
810.99
723.07
765.10
762.53
750.64
718.98
777.85
758.48
740.54
758.44
744.64
714.73
759.41
675.08
712.57
688.10
774.06
750.63
729.46
752.62
751.00
701.53
676.11
718.84
771.21
733.83
775.60
724.33
682.43
742.14
730.69
684.89
763.54
735.59
677.83
726.89
759.85
687.63
740.66
731.57
749.05
733.22
743.80
735.16
742.08
745.15
741.09
744.27
734.75
776.36
651.00
767.59
740.65
723.21
676.61
707.89
762.76
762.57
750.31
717.10
752.30
702.54
727.89
684.86
728.48
690.16
715.85
700.58
755.28
681.60
713.33
726.83
772.50
717.54
756.38
740.51
695.96
767.39
802.45
717.62
767.95
728.55
706.19
727.03
686.18
679.60
749.32
768.83
747.32
737.99
732.86
702.68
725.59
713.67
732.35
791.42
736.82
676.38
707.95
717.68
751.84
750.74
797.25
758.61
772.68
746.81
737.56
762.52
705.09
733.39
684.96
716.85
736.35
729.44
718.42
734.60
716.24
750.26
747.99
772.02
726.11
719.05
759.56
729.37
728.55
750.52
691.29
694.54
752.84
719.39
737.69
672.81
730.54
788.16
707.87
752.50
780.48
685.11
747.64
671.47
737.75
737.34
684.43
726.37
737.21
790.24
730.34
760.52
698.15
769.37
676.41
721.34
698.33
686.23
684.91
748.35
743.93
779.34
757.13
759.85
746.08
742.22
764.43
762.93
704.02
760.01
721.51
746.74
771.24
774.99
727.96
719.51
732.26
719.38
694.58
705.68
720.75
739.45
788.62
758.88
699.35
700.72
743.61
722.44
741.03
758.71
677.67
704.23
760.45
695.34
713.33
715.01
741.40
745.09
742.08
700.55
711.17
714.35
738.92
700.38
759.22
726.71
737.16
797.88
741.61
675.72
758.59
763.09
767.72
751.41
730.35
814.82
710.80
701.70
729.01
775.33
723.05
730.36
738.75
787.93
773.15
757.79
729.19
769.63
754.41
738.07
750.28
716.25
709.70
782.22
709.00
740.16
748.35
706.67
654.67
746.29
761.30
701.36
663.61
754.16
721.61
779.34
719.73
709.24
745.71
718.71
729.98
798.77
722.93
731.21
742.06
709.80
741.18
713.94
742.49
777.76
806.38
734.31
730.42
696.18
656.77
777.15
728.32
738.01
715.95
708.39
717.91
662.60
735.97
821.48
709.62
769.57
817.94
769.21
716.78
697.37
728.40
741.31
758.99
682.44
692.86
750.67
758.11
757.61
680.45
723.59
789.00
730.04
761.14
768.92
671.79
736.51
726.22
741.40
766.79
730.15
687.85
745.33
721.54
699.13
744.21
744.05
698.89
728.83
731.47
727.34
753.57
752.59
777.12
736.07
728.92
707.08
741.47
700.88
757.45
745.67
815.46
695.43
771.34
755.02
771.75
741.01
770.14
715.79
713.90
718.00
658.55
757.76
775.65
754.16
717.74
729.46
743.96
750.88
782.48
702.43
691.86
743.69
737.31
694.70
772.14
702.49
768.16
749.04
733.07
748.72
724.05
722.99
726.54
749.13
721.93
757.47
708.80
693.34
721.04
739.59
734.65
719.28
673.79
701.42
721.74
764.66
768.35
712.84
746.16
769.92
698.11
743.98
763.81
697.04
741.06
697.60
754.93
741.87
695.28
714.40
692.20
719.95
786.18
750.67
699.75
760.53
744.17
748.55
701.47
720.83
749.40
747.96
713.06
772.68
752.44
690.70
680.55
730.24
741.04
761.06
729.31
779.30
711.43
775.78
729.38
735.00
677.50
762.54
725.06
761.14
791.50
787.42
736.46
738.93
734.42
718.75
700.66
718.75
743.73
714.25
729.21
684.34
713.62
726.85
762.51
669.43
705.91
771.86
781.53
726.13
762.64
718.44
766.20
729.31
707.68
722.52
706.58
736.49
714.80
713.62
700.65
671.40
764.32
721.17
711.53
781.03
677.03
630.37
723.46
786.56
706.12
762.91
777.89
717.98
760.95
742.22
687.27
755.38
737.59
731.66
686.17
749.38
742.94
715.74
774.45
718.71
765.83
764.11
720.84
700.80
662.58
770.55
747.18
775.23
726.24
730.11
734.89
745.28
722.89
743.59
765.14
754.96
735.41
736.71
751.74
772.35
729.68
752.04
701.44
698.31
713.41
794.10
695.74
682.59
729.49
721.90
755.71
748.18
691.30
761.85
827.94
725.52
734.46
777.13
716.80
726.12
690.62
712.32
711.67
744.25
748.67
702.90
663.67
699.54
729.18
723.49
698.56
704.50
747.86
706.13
763.64
747.42
712.17
709.65
746.36
708.63
737.26
709.38
677.24
796.34
784.35
696.10
710.31
722.50
704.91
738.18
708.55
752.44
716.60
715.53
749.27
730.94
742.16
725.21
722.68
721.99
722.27
734.46
774.37
727.81
707.68
734.92
778.62
746.83
779.83
749.46
750.78
737.86
706.67
712.54
758.37
670.14
708.37
704.58
750.94
696.18
661.31
702.40
734.07
755.85
744.02
