756.40
713.49
768.66
728.06
755.07
733.61
746.72
683.46
0.00
428.99
747.33
753.95
780.15
708.78
749.94
761.01
54.21
850.00
746.32
709.45
726.45
731.79
819.69
805.35
826.90
726.47
730.79
734.74
728.01
772.58
721.32
819.34
813.89
830.15
457.69
827.25
835.31
827.10
850.00
848.61
696.59
835.90
842.38
731.28
749.85
636.99
0.00
412.88
297.59
257.41
733.07
754.24
735.65
747.86
706.89
728.02
729.59
729.33
654.78
850.00
725.05
723.07
824.99
818.53
795.78
841.79
796.58
722.81
815.60
758.21
735.85
151.88
695.04
27.07
599.26
817.14
608.41
731.14
739.79
275.82
850.00
835.18
836.56
786.19
706.69
730.64
733.79
732.97
732.83
831.46
739.90
62.85
257.68
453.27
835.76
842.47
651.04
282.69
756.78
567.22
675.30
850.00
826.21
831.61
834.70
824.32
847.94
840.54
360.64
743.20
724.68
735.01
850.00
845.13
818.41
826.85
850.00
804.59
721.90
751.92
719.67
755.99
258.06
850.00
838.77
814.84
712.94
744.42
270.46
393.53
390.54
5.77
2.50
283.63
542.19
848.35
829.44
820.69
849.18
848.80
843.13
844.31
829.16
761.59
731.56
740.92
742.06
740.28
605.26
709.45
750.37
844.73
831.32
816.94
850.00
824.79
845.84
841.27
501.74
760.91
594.79
385.52
339.76
759.19
734.92
737.50
748.18
715.66
168.76
754.75
727.81
762.00
759.61
730.32
752.71
742.94
693.18
727.70
745.02
692.66
460.78
850.00
831.95
823.26
737.19
743.99
541.68
712.62
754.77
505.84
595.56
540.21
324.65
728.86
732.14
389.00
11.57
400.63
850.00
850.00
844.49
832.49
850.00
839.41
850.00
615.61
262.36
0.00
0.00
260.45
352.25
850.00
850.00
850.00
746.34
714.47
542.79
258.53
0.00
10.46
94.24
850.00
842.37
821.45
845.11
825.57
191.32
429.70
701.26
298.58
825.82
730.95
747.75
760.96
741.82
752.88
713.39
781.48
619.43
784.29
845.93
845.63
850.00
735.26
718.99
741.46
726.72
544.71
255.30
765.85
673.33
850.00
750.75
730.52
762.56
744.42
727.63
747.42
479.93
826.82
754.04
749.20
514.41
501.63
534.88
580.74
713.89
850.00
826.55
843.36
846.14
616.58
739.46
750.71
745.05
722.16
759.69
743.05
735.95
753.87
733.45
733.96
735.25
467.58
749.59
716.41
747.72
706.44
732.75
737.10
727.99
755.34
770.59
850.00
850.00
821.93
847.90
850.00
820.34
723.44
813.17
409.21
747.21
627.21
824.75
832.67
828.28
850.00
850.00
418.79
464.24
848.79
126.78
702.16
762.02
765.60
744.53
697.97
721.41
305.61
733.89
838.41
841.23
844.90
821.06
850.00
828.87
526.00
283.69
330.79
850.00
808.20
351.74
376.48
831.04
719.37
732.81
749.93
456.68
340.68
747.78
744.81
722.92
819.33
850.00
850.00
811.70
824.00
829.47
812.89
830.94
843.79
795.41
726.80
740.01
728.27
762.75
735.82
470.14
751.62
754.84
734.87
685.62
705.48
739.83
815.56
834.14
238.13
10.84
459.81
738.49
774.08
838.05
843.78
385.25
13.61
42.24
651.67
37.73
389.54
590.28
494.65
735.79
754.12
721.47
527.37
806.00
832.26
850.00
841.79
725.74
728.45
700.21
850.00
823.20
833.25
832.87
742.44
742.25
735.80
746.56
755.16
735.69
833.37
850.00
836.95
815.78
812.77
846.17
822.55
850.00
831.93
747.60
754.91
730.92
749.21
823.44
847.91
833.64
822.49
848.62
739.12
15.48
28.23
530.61
738.98
850.00
725.04
731.94
744.23
188.38
11.85
315.88
191.81
737.51
821.01
816.84
850.00
758.01
766.86
756.40
748.82
730.06
831.73
837.76
847.35
826.10
814.57
841.51
660.78
650.68
764.18
737.43
695.41
724.24
755.00
390.99
819.77
834.75
850.00
833.85
828.01
800.57
839.89
252.78
538.89
725.84
387.87
584.39
713.05
812.32
814.46
850.00
836.54
850.00
555.88
732.88
727.18
729.13
838.51
808.42
760.00
316.97
306.97
26.40
166.87
758.24
257.71
820.79
73.07
844.44
821.55
850.00
822.61
820.42
717.63
477.39
634.63
742.24
732.91
720.12
234.78
756.10
739.83
746.30
557.26
739.44
737.08
730.34
755.27
835.53
817.44
835.66
848.69
828.04
839.46
847.11
740.40
724.46
718.77
749.32
742.62
735.64
744.11
756.35
749.67
834.07
719.14
783.10
718.07
828.55
850.00
836.95
837.15
850.00
827.75
850.00
605.80
742.15
725.68
741.07
749.55
758.11
740.80
746.74
798.43
739.29
732.04
793.92
817.18
850.00
819.65
825.39
835.33
850.00
818.15
848.89
439.72
284.24
565.38
574.15
829.39
835.02
850.00
850.00
782.79
850.00
308.99
634.31
59.15
414.19
734.29
783.84
750.27
724.25
745.17
809.69
743.91
697.98
711.70
751.96
765.10
745.13
843.29
803.56
834.53
850.00
733.14
716.27
705.77
728.60
708.89
770.77
46.06
663.62
750.93
546.45
810.87
824.86
823.40
