772.05
796.17
774.93
728.24
774.26
810.14
810.46
808.34
801.05
815.77
900.00
109.67
128.44
415.20
790.84
805.11
815.09
701.83
392.29
232.19
784.52
900.00
533.08
770.68
816.03
813.13
808.24
790.07
809.13
810.68
812.38
833.10
535.08
287.21
780.31
754.95
817.52
783.96
729.09
735.67
766.55
708.53
776.18
782.60
811.96
789.45
765.08
766.22
753.01
785.17
798.26
823.94
473.24
610.18
801.43
808.37
811.05
817.39
825.72
814.67
814.36
817.41
828.44
806.11
794.24
818.06
818.32
448.41
734.89
579.01
652.52
730.44
488.68
796.49
818.70
823.95
538.92
139.28
739.58
790.87
734.05
730.67
758.42
782.20
319.43
380.48
886.51
773.79
780.08
816.80
819.44
818.93
806.88
813.10
802.97
778.19
805.91
806.94
832.72
825.55
804.88
815.74
572.81
762.51
699.49
513.46
745.27
729.31
802.78
831.34
762.92
794.75
355.53
495.30
100.76
669.91
243.50
392.66
187.74
701.50
405.71
477.78
580.97
460.22
813.75
832.27
826.94
823.08
795.22
791.18
335.97
807.90
755.17
768.89
797.60
778.07
774.29
557.43
689.32
795.87
812.08
804.13
797.89
830.37
44.29
470.54
189.06
595.13
558.03
756.02
811.09
820.49
813.11
348.38
805.30
761.36
882.47
792.27
797.02
817.48
801.25
818.58
798.21
811.19
830.66
809.34
826.38
829.41
809.08
809.30
810.14
808.69
821.50
822.31
808.44
819.38
822.35
815.40
824.29
802.01
821.29
808.92
827.14
805.63
812.79
822.83
825.44
833.23
820.60
815.61
836.08
418.96
775.42
154.84
651.72
844.66
804.15
813.04
816.20
815.56
900.00
751.59
760.72
678.44
784.46
786.56
762.73
814.43
781.42
817.90
811.89
820.43
803.69
820.56
810.36
824.69
818.58
807.49
810.35
661.27
297.04
684.91
823.79
825.09
820.91
810.33
803.04
802.30
815.08
817.85
827.42
804.79
812.10
443.03
813.69
768.04
654.36
550.76
812.15
814.90
834.81
579.59
387.92
223.37
767.79
728.78
815.57
813.75
807.27
809.54
801.40
814.75
455.26
689.58
542.52
361.56
812.43
738.74
797.09
811.29
789.07
769.60
776.38
762.38
759.39
765.91
771.28
766.63
801.05
768.74
794.73
801.72
791.74
784.60
774.88
810.87
820.65
810.18
816.69
807.87
797.91
805.91
827.18
548.21
790.25
814.11
763.54
792.37
743.34
784.90
759.59
783.15
800.36
768.81
812.26
784.62
789.00
777.84
787.03
751.56
616.55
631.50
573.74
508.06
665.96
783.31
748.45
820.64
773.69
789.62
793.82
771.61
762.88
765.94
766.39
773.27
790.44
341.84
502.62
732.16
485.09
122.78
272.29
690.03
791.04
820.98
759.60
744.26
834.10
396.01
545.28
540.21
660.51
383.65
295.10
276.70
496.01
542.06
795.96
765.37
800.21
811.95
795.92
817.11
832.94
805.73
814.81
836.87
822.41
810.94
553.95
651.27
797.80
806.29
806.68
387.87
771.72
809.93
812.03
498.41
163.98
516.10
762.18
774.78
790.04
356.22
470.22
567.92
803.74
693.86
160.69
617.20
559.50
106.82
79.07
654.46
365.42
273.93
779.83
655.65
536.83
829.27
815.27
825.90
814.91
796.50
801.75
818.23
799.14
808.09
800.13
806.93
820.82
811.80
828.64
806.74
819.60
814.50
808.57
824.50
451.12
115.64
103.70
376.53
509.22
553.78
474.15
593.87
803.41
802.53
620.08
813.19
814.47
822.91
731.56
898.18
556.22
758.94
763.78
786.84
790.00
757.97
754.51
781.05
760.86
809.47
807.31
806.64
802.19
821.65
808.02
811.49
813.60
810.94
802.83
801.76
820.13
814.27
796.45
820.51
806.71
561.03
815.41
820.30
827.94
814.36
826.40
794.31
815.13
800.39
836.94
815.38
822.36
818.37
803.55
809.23
560.17
811.97
803.72
831.51
807.62
829.56
805.01
810.08
796.29
810.10
798.85
819.23
799.87
794.21
823.13
805.29
802.25
799.58
807.34
618.72
444.06
499.16
674.20
815.66
817.04
816.95
796.73
423.80
793.56
807.70
800.50
803.25
806.09
814.02
812.07
828.32
805.22
824.68
812.55
810.21
828.32
800.36
806.60
800.57
811.17
819.81
816.90
888.03
775.78
801.40
765.16
764.50
776.15
758.63
753.39
788.70
784.00
761.25
795.05
776.61
720.04
788.15
820.62
816.58
477.70
778.77
732.91
499.23
756.52
783.71
815.33
760.69
820.56
801.32
775.13
825.72
819.87
730.58
656.20
30.80
173.06
99.62
530.98
747.33
317.19
425.48
431.32
336.10
487.42
310.98
752.87
824.57
767.15
794.13
712.54
795.81
757.62
813.74
761.52
833.11
791.42
816.33
784.37
800.18
773.86
811.67
773.05
751.62
739.35
801.48
805.90
820.16
497.27
771.18
798.50
784.48
772.77
743.46
755.05
772.45
752.43
756.99
818.69
825.97
812.87
825.03
812.05
809.87
471.13
725.67
762.12
757.37
780.87
801.42
452.59
444.34
381.10
699.17
708.97
790.76
745.63
811.23
822.06
812.08
