713.40
716.54
784.15
115.53
70.80
128.37
0.00
278.44
23.78
520.11
724.62
743.63
271.64
77.23
732.22
822.69
679.82
686.76
723.71
740.31
863.80
846.04
702.51
749.24
693.31
724.60
762.01
731.29
737.36
833.78
722.71
861.34
810.48
852.26
836.53
820.11
857.24
712.74
855.04
853.84
840.51
805.48
875.14
856.86
0.00
37.64
733.62
678.75
755.38
762.47
702.61
780.22
744.14
753.89
755.44
621.20
574.67
174.36
241.76
102.69
523.91
469.84
742.47
790.33
739.11
770.49
718.92
752.94
722.18
748.71
862.09
789.87
732.65
722.50
684.45
716.46
724.60
771.93
0.00
201.36
430.12
164.71
64.66
0.01
0.00
0.00
567.70
552.87
778.23
525.93
896.46
0.00
814.98
202.80
512.69
745.89
689.55
744.15
767.97
759.00
773.93
756.47
733.41
0.00
245.75
0.00
19.50
135.72
0.00
82.10
253.80
857.17
704.84
706.04
722.58
805.72
726.61
737.03
881.22
847.14
852.50
848.00
850.37
849.44
678.92
751.97
858.44
853.73
846.45
675.79
760.44
747.72
824.27
861.28
827.08
814.04
847.07
812.76
847.47
853.42
854.92
830.39
857.18
630.17
900.00
717.18
681.36
793.62
827.04
869.52
845.87
853.12
850.83
791.95
792.57
747.96
744.61
0.85
149.76
0.01
0.00
432.78
749.62
661.08
535.65
325.76
618.21
721.93
752.97
722.64
834.09
836.77
840.76
831.87
737.78
720.37
788.07
791.73
784.74
716.68
716.70
182.07
501.14
769.26
809.98
828.86
811.42
854.53
823.79
840.97
883.96
827.44
696.03
649.74
786.03
745.03
737.64
834.57
863.78
831.08
841.63
862.13
846.41
832.05
829.07
848.88
823.94
864.63
833.51
819.74
863.33
804.01
507.41
524.13
197.49
0.00
118.43
0.01
115.61
94.68
173.00
0.01
0.02
148.47
0.01
0.00
143.12
478.40
743.55
770.38
715.78
774.10
781.36
0.00
9.49
0.03
0.00
578.72
753.02
868.24
640.24
0.00
0.00
339.63
831.96
721.40
800.85
753.24
695.80
487.96
692.97
736.38
724.76
805.64
815.91
746.63
749.99
814.56
812.15
800.66
834.18
819.69
878.03
820.49
831.53
842.29
742.17
886.74
840.12
834.15
814.27
826.65
811.09
727.29
748.94
758.48
732.92
708.81
566.11
707.56
746.51
667.95
768.54
335.48
757.01
814.53
723.92
725.05
853.26
816.93
845.12
837.17
750.86
853.46
504.02
640.97
0.00
0.01
0.02
0.02
0.00
0.00
0.00
0.00
0.00
67.90
461.39
141.79
0.00
10.55
646.15
517.33
692.07
855.28
758.11
740.44
718.48
460.43
736.44
736.53
762.29
719.01
749.41
721.79
700.88
826.27
739.81
719.60
741.08
787.97
852.04
817.42
850.05
835.85
750.55
710.80
735.97
834.39
842.16
827.51
816.12
877.89
840.75
860.50
882.05
769.35
848.81
847.50
848.90
827.77
847.18
747.14
693.36
728.74
150.04
583.36
778.73
892.54
156.63
666.52
778.57
699.06
858.59
827.99
849.19
856.85
870.61
847.84
845.04
862.60
868.65
860.93
839.24
827.35
717.83
753.13
745.75
751.51
748.07
852.35
851.37
719.03
614.46
765.16
749.68
867.78
800.60
845.07
861.12
763.55
750.83
0.00
502.56
589.08
684.69
736.47
769.09
792.26
825.68
104.42
329.13
739.49
900.00
703.42
775.70
750.07
746.22
856.56
728.24
732.23
717.99
666.33
52.16
127.14
0.00
251.02
372.67
750.65
760.18
712.45
662.49
685.37
763.58
721.09
735.55
724.97
709.33
661.80
765.71
707.31
855.65
704.44
747.30
753.77
625.88
130.23
492.87
335.33
804.74
676.19
693.95
724.25
855.22
749.63
718.15
749.79
715.33
794.06
831.13
858.73
756.17
711.21
754.98
761.43
719.26
740.63
716.90
722.36
713.43
734.98
717.59
750.52
735.76
730.18
703.75
722.83
840.54
834.71
713.58
775.80
733.70
740.03
708.90
696.39
707.26
681.46
704.35
741.32
673.88
678.01
814.80
777.68
807.00
861.14
847.52
830.53
830.96
752.50
744.70
29.58
752.01
749.21
750.90
616.53
573.00
575.99
551.58
118.37
600.91
574.41
389.18
617.77
748.40
835.98
857.61
526.20
416.12
257.32
365.84
148.88
164.66
54.49
518.75
729.54
457.41
505.46
699.92
724.39
646.31
796.22
580.53
493.07
879.46
777.43
755.45
521.48
833.72
858.95
629.53
736.40
683.12
764.47
38.91
212.12
488.27
826.93
821.48
862.75
813.56
866.61
741.18
819.59
826.12
837.00
853.20
830.37
825.65
862.56
842.36
830.40
831.48
712.12
688.42
849.93
851.56
854.54
858.89
823.06
806.05
803.46
814.79
843.55
841.39
804.90
13.47
129.57
121.45
0.00
39.40
734.85
754.09
697.89
728.00
792.41
858.54
795.18
839.59
852.09
691.27
755.07
759.72
716.13
735.01
33.15
469.14
752.55
114.87
500.90
106.83
19.49
61.38
68.94
0.01
0.02
175.91
525.78
159.43
83.31
89.19
712.69
