771.13
748.65
727.07
740.01
713.33
797.40
770.88
738.60
753.35
700.49
715.45
790.98
750.39
741.20
727.37
765.81
747.61
756.60
695.43
692.67
719.15
722.76
714.65
753.50
751.36
689.82
712.65
736.88
744.80
725.33
687.12
682.01
747.77
772.67
750.89
736.98
717.10
753.53
753.75
720.88
726.93
721.81
783.50
749.86
746.87
730.21
765.77
676.49
731.31
760.93
731.66
735.03
739.33
803.11
727.59
727.38
727.67
715.32
723.32
749.79
770.46
691.51
693.99
744.44
716.83
729.54
741.40
684.41
804.86
713.94
732.19
732.55
731.59
748.64
765.39
733.63
760.37
770.02
694.99
777.56
804.31
752.94
754.00
750.69
754.13
781.23
708.39
745.92
768.87
734.47
744.39
740.23
741.48
716.66
790.01
755.74
790.35
697.99
735.00
741.72
731.50
796.68
733.84
740.05
712.26
737.86
755.17
682.07
736.57
734.27
696.70
747.84
658.60
757.30
768.02
761.36
706.14
706.37
746.21
729.78
774.82
704.81
704.73
772.16
728.68
744.91
682.89
774.44
695.20
728.30
667.89
818.95
718.95
720.47
717.91
748.59
708.33
706.83
758.04
749.49
717.68
736.34
682.78
681.64
742.92
744.55
719.10
720.09
756.59
748.10
714.93
758.34
752.15
734.81
645.76
777.70
726.94
732.26
774.88
696.34
691.94
749.13
722.70
741.58
731.06
761.00
714.67
686.52
784.88
751.20
810.08
727.32
708.90
691.47
686.15
742.99
743.79
796.56
720.58
697.65
740.78
739.40
707.31
693.93
755.98
753.48
757.46
696.47
758.96
737.04
683.62
738.96
699.86
721.06
790.63
751.69
703.34
756.88
782.72
708.27
701.84
721.28
732.09
767.46
784.08
756.04
727.74
695.92
693.27
717.61
789.67
748.93
746.86
764.87
719.25
694.30
743.73
755.99
739.25
707.76
741.63
744.50
733.95
765.16
778.61
737.08
735.14
741.84
746.45
772.31
630.71
735.96
727.58
685.69
746.23
685.72
727.12
740.73
726.94
741.67
739.76
737.82
690.27
703.07
730.08
716.36
751.01
785.49
722.64
732.50
777.72
760.58
713.80
776.85
705.29
725.40
783.80
714.25
776.01
754.98
773.44
777.39
751.43
763.62
729.78
762.12
768.94
690.50
738.72
745.19
737.05
786.76
758.40
729.35
739.46
727.68
739.31
714.85
705.34
773.94
722.44
692.66
682.90
760.66
747.21
745.08
702.53
762.55
715.48
790.30
795.73
712.00
770.73
688.87
674.87
745.70
768.01
774.74
716.94
794.51
731.74
750.34
730.34
720.07
720.83
713.92
715.29
717.63
724.59
717.49
680.42
717.30
751.71
724.55
732.26
728.75
762.40
720.14
724.28
716.07
702.05
697.17
713.27
746.32
772.36
761.79
742.41
750.28
761.57
741.60
736.69
711.19
702.14
733.59
705.88
754.22
762.85
714.54
712.93
782.97
739.78
728.35
771.67
728.01
705.26
713.02
705.90
700.79
722.15
768.56
739.83
749.69
694.68
689.87
752.34
741.28
712.18
660.18
713.89
737.88
780.35
745.48
710.00
731.04
735.44
741.98
726.11
697.10
656.15
722.00
728.19
704.12
723.17
716.75
774.39
728.61
700.98
714.04
712.67
691.86
782.45
777.30
704.93
745.34
748.25
755.95
763.59
735.51
720.10
687.92
728.21
753.31
755.04
694.00
729.24
738.20
745.53
755.61
759.15
767.27
772.56
749.25
743.83
752.66
716.86
731.57
804.97
740.68
763.35
782.34
744.46
777.05
753.25
712.86
712.73
760.58
679.23
738.49
670.36
704.90
697.90
742.33
736.55
723.50
712.65
723.69
703.22
705.93
727.73
698.83
761.49
712.48
733.48
746.18
681.87
763.95
673.36
757.39
715.56
689.67
780.16
725.04
680.29
716.22
739.58
732.88
780.61
743.24
710.92
664.56
784.32
713.69
732.02
710.28
709.88
761.61
704.46
710.33
712.22
709.67
707.30
779.55
753.11
694.20
772.14
656.70
706.43
700.92
780.04
749.34
762.31
724.19
733.19
746.86
703.26
738.59
786.14
710.97
740.39
641.85
760.61
770.01
700.02
712.66
754.14
682.83
750.03
748.99
789.86
710.10
766.85
740.91
747.90
742.80
749.85
733.09
718.21
729.71
705.04
736.92
754.73
696.64
728.41
741.73
714.89
717.21
779.86
746.78
740.54
753.09
728.23
708.82
729.06
727.09
755.44
729.54
710.64
737.03
724.69
729.74
705.44
714.95
673.74
748.47
721.51
741.61
694.32
755.43
746.83
737.63
706.34
672.16
749.69
711.38
715.38
750.59
704.46
789.12
743.59
699.29
732.46
745.71
690.73
688.97
754.26
771.07
761.88
723.59
695.06
699.71
753.47
727.03
707.38
746.57
730.38
732.21
729.60
794.75
726.77
755.70
724.61
730.82
723.30
725.68
733.20
720.97
730.23
667.57
738.47
728.77
676.61
748.38
720.38
684.75
753.18
716.60
782.62
686.05
740.76
740.53
708.20
735.56
666.80
711.36
776.76
759.36
678.42
757.11
755.26
723.50
745.10
766.42
798.02
721.20
709.07
742.74
740.60
773.11
687.12
708.86
