764.30
737.40
798.21
754.71
746.77
642.64
850.00
777.71
791.66
695.23
796.65
823.74
766.20
782.90
813.09
850.00
767.66
774.63
697.86
285.49
495.02
768.81
761.72
593.56
801.68
478.09
98.76
0.00
449.01
362.69
479.92
737.07
748.10
747.28
782.33
829.04
705.90
747.56
730.35
775.27
650.50
455.46
119.26
53.82
4.58
0.00
169.90
850.00
832.70
741.13
706.42
723.30
715.52
842.60
749.56
703.02
730.45
741.86
758.06
761.00
728.16
757.80
804.16
699.98
787.58
714.53
737.05
762.77
850.00
780.57
850.00
743.77
698.85
736.00
785.75
226.42
764.96
754.05
750.00
802.04
698.01
812.14
770.47
690.70
830.01
819.92
712.49
735.56
738.57
731.95
700.60
788.34
666.23
741.24
709.89
675.01
748.72
690.54
771.54
850.00
813.21
144.83
732.21
708.74
811.83
794.02
652.31
707.09
712.95
716.18
660.13
765.78
756.74
763.09
308.38
709.27
781.12
748.27
849.92
804.25
804.24
567.57
533.93
370.73
563.30
630.30
432.48
769.54
456.43
59.29
372.44
292.79
764.26
803.34
737.23
734.87
756.56
783.73
784.59
818.12
762.92
823.51
450.71
527.05
346.83
563.68
199.47
775.51
760.13
777.56
753.75
672.28
727.22
649.77
749.18
742.29
726.55
791.16
770.53
780.18
811.17
780.05
769.13
735.69
758.01
786.46
697.64
728.45
730.90
284.38
97.76
398.52
468.57
568.60
613.33
725.07
754.77
741.22
733.73
755.52
777.17
823.11
687.66
392.78
677.13
847.72
716.79
798.87
744.48
765.65
794.59
813.33
725.20
696.75
750.11
763.64
753.02
791.76
775.93
718.53
795.89
726.17
711.30
766.48
745.48
796.51
717.49
732.42
644.68
691.38
758.43
850.00
769.57
818.82
695.23
708.01
850.00
794.77
234.30
792.30
360.55
22.34
768.34
759.99
703.82
846.33
722.80
655.66
764.54
804.37
774.81
176.41
795.34
785.41
729.54
638.08
850.00
749.90
647.67
653.83
681.69
811.24
788.63
752.53
710.19
786.92
810.22
822.88
730.39
761.23
721.96
427.84
1.52
361.79
794.38
509.79
2.85
3.36
523.71
822.43
669.52
682.25
735.35
712.02
751.37
818.46
748.91
539.97
248.15
329.78
546.74
764.38
770.74
769.11
791.09
816.73
730.60
670.26
784.66
782.90
850.00
155.39
795.63
683.44
850.00
716.58
744.01
725.49
669.64
850.00
773.89
832.15
850.00
824.69
810.51
685.46
765.49
812.95
805.02
830.84
736.60
823.64
775.40
765.63
726.41
259.31
387.95
0.89
1.46
5.27
3.70
585.24
775.20
794.95
841.01
795.79
711.70
694.45
708.74
845.81
720.84
746.99
769.71
735.15
664.84
850.00
771.21
773.34
793.69
812.57
788.88
739.49
745.36
714.71
610.78
749.24
732.66
849.01
772.00
802.73
747.96
799.38
753.29
800.49
748.03
729.30
718.29
384.74
2.40
301.33
323.81
446.25
251.85
158.19
0.00
2.46
5.73
387.71
453.06
460.95
0.00
549.60
2.27
0.61
1.99
1.81
2.48
2.87
2.34
363.31
664.90
782.11
599.56
96.41
696.88
670.02
639.70
823.64
781.15
850.00
775.94
700.70
776.34
777.52
693.58
780.10
669.38
709.70
728.68
822.56
823.58
816.87
688.78
850.00
804.26
850.00
288.04
281.83
634.59
294.55
73.75
4.51
328.76
723.04
795.35
841.73
684.21
850.00
725.73
586.03
692.61
698.65
683.47
847.73
783.42
674.34
775.45
791.82
786.91
815.08
742.71
766.27
817.37
798.44
818.20
835.14
850.00
646.40
715.88
621.65
723.28
719.45
527.84
2.27
0.00
457.03
347.96
206.87
724.96
806.61
767.23
850.00
775.64
331.55
819.10
651.93
0.00
71.08
40.00
3.43
398.79
768.72
785.93
720.10
734.73
748.85
696.80
684.26
729.64
790.39
758.43
697.06
763.05
844.46
809.69
768.89
826.01
348.58
359.18
708.93
730.67
837.31
765.02
689.85
696.98
748.26
629.84
704.08
745.43
767.54
788.95
731.85
768.64
841.93
803.87
764.44
786.45
725.70
696.00
765.65
850.00
768.11
674.12
610.43
829.01
794.86
767.46
830.92
793.28
748.45
787.16
755.29
730.78
692.01
814.25
782.46
824.73
850.00
833.99
740.78
850.00
774.06
824.13
681.93
772.30
850.00
800.48
718.76
711.81
789.73
652.58
682.38
593.40
773.67
533.23
810.96
738.06
586.12
748.54
794.31
738.15
850.00
738.05
850.00
770.95
814.08
738.45
820.90
808.32
850.00
799.65
850.00
558.59
784.82
762.92
766.67
815.19
401.01
765.45
771.23
590.72
337.28
520.33
769.81
679.15
834.96
704.91
796.02
694.53
758.92
819.52
807.07
754.63
805.59
801.53
708.69
758.64
734.68
682.64
764.34
717.45
730.55
661.38
850.00
850.00
775.52
755.87
749.26
835.80
693.32
749.67
802.13
759.54
699.66
728.27
727.62
712.30
712.28
712.58
734.36
772.29
752.86
676.14
746.32
752.44
759.48
737.08
753.07
620.80
850.00
