769.08
793.12
766.56
832.66
714.35
689.23
631.64
775.67
766.50
839.50
366.37
489.54
190.98
267.48
291.77
638.74
756.90
765.72
796.97
467.09
750.39
736.62
653.83
808.59
734.23
718.14
753.44
717.10
814.93
827.06
305.49
724.08
729.87
865.64
700.89
766.51
820.66
743.36
866.63
782.12
770.16
658.41
759.64
821.18
750.87
738.82
809.78
676.09
778.33
765.15
800.88
743.72
802.19
877.04
694.39
719.72
761.12
770.34
657.86
706.48
847.03
744.33
523.98
4.14
0.00
2.16
567.94
1.39
484.57
691.56
749.99
833.97
713.15
695.64
757.01
711.79
714.09
781.13
796.60
822.70
727.82
733.82
704.12
750.67
836.70
802.81
173.86
174.69
225.03
840.14
796.81
743.28
837.88
708.17
784.20
733.47
742.34
848.90
783.37
726.49
688.02
642.87
800.85
800.94
718.89
808.13
657.71
778.19
842.16
698.68
824.35
769.14
766.87
695.14
810.03
801.51
658.86
741.02
877.44
792.39
809.36
480.06
845.17
748.91
737.28
699.00
862.23
710.15
806.70
801.23
806.77
668.16
651.29
819.16
885.40
857.17
805.53
732.55
782.24
93.62
17.83
825.02
705.01
721.92
766.90
727.44
817.53
751.48
746.37
771.93
710.75
686.62
801.21
760.02
804.59
770.63
810.91
849.63
754.69
709.93
734.77
770.46
644.44
697.71
816.66
789.84
773.83
714.48
805.47
718.25
771.22
741.11
851.83
753.58
771.22
826.92
857.34
345.83
379.33
739.14
725.10
721.64
782.37
756.53
813.60
851.91
368.02
673.60
397.51
446.36
763.18
293.38
831.48
771.29
780.52
751.55
796.40
785.98
828.87
743.87
739.40
808.31
822.42
813.56
812.77
723.32
755.79
768.85
755.93
404.45
185.31
751.89
559.88
821.40
732.13
764.01
740.05
683.80
760.93
648.21
742.93
814.88
744.96
750.04
773.97
776.09
900.00
397.52
731.14
827.99
686.71
831.72
837.46
811.49
728.84
752.54
854.75
771.94
666.94
407.46
795.91
127.17
711.20
862.11
792.67
294.59
753.33
771.62
749.39
826.14
771.51
789.36
720.87
734.93
709.78
737.50
777.88
656.37
739.89
666.46
682.74
728.94
772.57
788.07
821.44
789.78
726.15
753.26
754.34
725.34
781.16
767.63
758.80
672.11
800.69
778.14
726.08
796.90
787.65
774.92
788.39
750.07
743.94
167.53
820.33
469.83
378.23
436.23
825.07
766.58
480.64
577.65
70.98
417.15
733.65
744.23
797.61
735.20
740.68
834.31
699.06
747.85
778.68
768.75
801.43
139.20
1.49
4.94
0.64
4.19
370.00
491.51
5.51
268.49
442.90
648.57
723.14
801.41
716.42
779.91
671.44
347.72
784.27
851.06
754.07
685.94
758.62
675.51
728.62
694.12
786.08
765.59
799.31
892.29
629.81
686.67
814.73
785.55
685.22
783.29
836.32
805.32
661.25
823.63
780.00
769.59
826.94
775.09
657.90
858.72
764.66
718.57
706.17
411.48
797.99
737.24
825.75
721.75
709.69
720.76
249.79
119.83
831.96
893.48
853.09
802.71
696.76
822.51
404.55
761.21
883.47
819.44
900.00
785.59
525.69
177.08
183.10
141.65
797.34
768.36
852.43
778.08
716.35
403.75
2.94
6.65
90.81
204.46
802.93
705.36
723.63
815.93
720.10
777.81
659.08
767.71
678.12
729.68
712.19
809.88
783.11
727.78
780.94
777.79
861.34
767.46
768.81
804.78
480.89
808.76
763.80
785.84
503.80
251.38
231.85
0.75
175.15
0.00
856.11
829.60
863.84
725.74
743.59
736.44
745.05
267.68
539.26
395.26
403.92
18.66
716.32
384.44
653.30
284.34
750.64
192.89
769.30
837.01
840.80
814.07
754.45
805.41
825.21
714.61
747.96
768.64
803.96
785.67
774.24
719.38
776.16
673.25
677.17
441.84
3.31
0.00
789.96
656.37
685.12
788.86
778.96
723.90
729.84
636.85
762.59
819.49
812.80
784.49
780.29
733.40
812.01
674.49
813.01
798.68
865.34
1.81
530.68
3.46
563.90
155.45
497.20
178.39
442.81
542.46
694.74
720.67
826.09
750.92
842.53
796.56
820.92
766.31
750.87
809.37
690.33
782.48
611.68
801.54
705.07
752.79
838.80
761.83
848.72
686.67
831.14
721.17
667.29
703.34
863.20
851.24
714.56
875.61
751.29
785.43
779.10
737.18
725.52
697.57
801.02
736.29
776.55
758.60
779.94
813.63
730.84
756.28
717.58
731.30
808.78
752.98
710.85
756.45
728.87
587.33
897.63
799.43
800.09
761.02
841.71
810.46
900.00
735.17
703.87
633.50
765.48
712.24
737.03
866.79
816.17
883.72
792.64
698.86
703.43
797.20
834.28
789.60
779.58
711.97
732.19
833.22
777.06
790.43
328.41
485.43
758.69
785.86
743.12
0.00
538.71
0.00
456.69
0.00
755.25
749.28
805.89
769.60
795.36
742.86
862.77
775.63
786.38
816.52
831.82
736.07
798.47
735.34
734.16
702.71
810.02
738.47
780.10
799.78
767.80
848.65
653.03
788.20
844.36
687.70
757.29
788.12
