828.57
681.75
696.13
676.45
715.97
748.76
711.16
744.42
746.30
767.82
794.12
758.41
620.23
717.41
813.65
789.35
847.28
679.44
769.45
848.96
739.32
894.53
712.27
789.58
752.05
734.20
777.92
68.63
673.90
193.10
144.92
169.23
457.54
790.12
759.08
811.96
744.30
795.64
841.19
731.73
733.80
865.51
804.36
758.86
767.55
783.59
678.26
4.85
427.92
776.54
732.38
753.39
735.65
183.70
399.48
715.85
804.88
845.32
724.77
763.88
787.33
640.06
721.78
790.46
101.45
753.02
788.14
756.58
728.08
693.21
764.03
781.11
788.21
503.76
772.39
816.23
786.82
855.11
674.96
701.49
765.38
815.69
831.70
753.12
233.16
572.37
4.62
0.00
1.85
560.41
580.82
224.87
756.42
730.84
813.49
612.03
694.78
738.51
465.03
839.89
749.07
672.95
795.13
703.06
750.09
743.06
870.47
798.72
736.07
759.99
844.75
809.25
810.53
804.63
754.76
754.39
888.89
219.75
579.74
812.77
0.00
900.00
820.80
770.38
729.84
806.86
728.02
733.77
747.60
738.24
757.36
684.91
781.01
773.23
837.36
636.94
690.97
396.74
628.55
823.69
644.72
789.58
693.25
755.78
714.59
771.76
654.63
786.29
819.60
713.34
741.56
759.15
811.04
771.64
726.15
842.50
861.59
820.08
775.89
805.14
847.20
871.82
781.90
774.54
842.32
841.11
757.81
683.61
833.21
715.52
276.50
763.04
759.47
697.83
774.03
788.82
765.22
728.18
731.70
720.54
701.29
752.10
826.18
782.25
788.54
785.81
829.92
679.42
756.59
869.89
539.44
879.77
722.04
793.25
864.19
824.85
712.07
705.13
748.68
810.23
760.96
760.20
799.54
900.00
833.49
722.24
667.66
854.86
789.80
823.42
779.94
720.71
761.24
785.41
847.93
140.88
30.21
672.42
745.70
742.27
678.87
779.40
843.74
816.12
753.30
765.09
696.15
747.94
791.88
791.20
682.36
681.17
743.02
804.53
791.92
695.59
775.31
732.76
740.56
729.11
690.16
728.56
856.60
717.07
855.69
696.30
816.77
780.89
713.45
769.71
749.44
851.71
752.14
589.76
770.65
761.50
768.22
822.06
700.42
724.56
811.10
169.13
253.50
846.89
731.86
864.36
787.58
855.15
763.74
877.24
654.81
679.10
82.72
528.52
3.04
388.90
0.00
386.96
0.56
0.00
4.12
2.88
385.66
1.99
0.63
0.00
0.41
0.00
213.35
470.71
710.61
804.52
816.73
754.45
833.76
813.40
784.83
894.09
835.50
707.77
810.30
787.79
704.79
777.56
746.76
840.44
757.55
724.49
804.70
856.97
768.92
689.90
763.22
872.02
833.17
752.07
732.33
758.57
744.72
782.87
774.44
867.41
699.89
858.68
716.45
684.22
846.90
197.97
114.93
528.55
601.17
197.08
723.94
789.55
730.20
885.06
731.13
734.15
884.71
718.97
729.67
725.78
804.20
802.39
787.76
117.57
885.62
763.93
804.94
767.69
792.83
767.48
833.45
775.63
729.21
802.43
776.95
774.03
783.00
789.76
729.56
721.97
817.13
699.25
753.23
718.06
712.17
857.36
713.18
777.34
648.74
864.97
691.03
732.00
783.27
752.48
716.51
807.90
821.65
683.15
793.50
801.24
756.30
730.36
661.60
764.06
725.70
708.32
813.60
393.11
626.22
0.05
0.00
33.21
732.78
733.52
157.01
790.39
329.78
199.64
760.62
833.87
730.18
836.74
737.31
799.60
712.24
788.17
767.80
770.01
738.34
789.92
864.35
829.28
803.09
791.59
830.70
727.73
755.78
714.00
878.67
816.08
604.73
900.00
739.79
824.29
846.90
739.31
710.91
764.27
823.17
900.00
825.26
649.07
696.64
860.83
798.20
721.93
854.94
634.83
678.95
779.98
704.96
805.80
754.73
752.66
853.75
900.00
751.31
795.29
766.08
749.43
662.20
731.17
722.46
284.45
738.56
786.40
754.69
775.68
756.23
164.58
680.57
782.15
529.31
245.83
722.32
473.66
854.97
799.87
712.58
714.31
754.85
694.50
695.59
762.62
755.62
817.76
256.15
240.58
404.32
822.11
766.14
724.28
786.67
324.29
177.34
547.84
486.81
644.96
820.38
270.45
878.22
749.11
536.88
291.29
2.10
4.78
14.92
96.07
469.44
774.79
219.16
120.80
556.70
851.57
769.93
739.66
764.28
663.67
726.65
861.38
765.02
721.25
742.46
683.15
807.48
717.77
798.36
761.12
843.01
734.00
806.95
783.93
851.87
284.74
720.58
826.08
741.84
853.07
752.86
792.24
721.75
705.48
737.50
831.35
747.96
576.55
472.03
422.75
298.03
552.77
299.28
863.24
579.11
536.13
714.11
752.90
797.88
850.21
721.94
739.94
649.95
812.24
747.92
710.27
677.84
787.36
790.89
796.27
757.06
808.16
754.54
837.92
680.35
793.29
324.69
702.66
752.40
764.12
716.54
786.20
819.19
809.99
671.19
694.01
800.72
752.28
705.11
744.28
833.71
834.27
766.04
794.72
772.50
787.34
806.37
641.42
767.69
712.10
748.85
772.28
791.05
841.36
728.50
764.43
808.18
794.03
803.39
699.31
