749.95
773.65
670.13
708.07
750.35
604.27
725.31
717.40
736.03
886.95
655.85
712.79
797.28
828.33
851.53
741.76
670.57
648.32
826.89
813.98
758.74
829.99
770.28
690.21
831.59
729.90
778.18
761.70
800.59
564.03
814.74
668.27
806.11
873.88
808.63
825.87
807.03
802.49
737.47
827.20
731.18
752.86
755.13
802.62
796.32
796.27
798.18
664.02
844.91
730.68
900.00
736.47
721.82
811.41
811.20
736.30
707.11
697.17
639.92
797.93
771.48
808.20
837.04
808.75
664.30
782.85
721.12
821.21
664.49
801.99
777.20
738.13
836.38
824.75
716.43
801.84
768.07
797.03
677.15
862.00
264.46
384.15
855.55
811.13
687.48
862.28
775.26
900.00
766.63
785.93
775.56
710.40
820.79
782.98
814.46
784.97
768.20
591.73
253.27
615.44
1.62
359.78
699.20
682.23
792.68
779.86
702.28
494.17
803.20
779.45
723.43
800.33
749.62
736.02
734.99
807.27
808.80
744.91
784.95
823.30
753.91
739.92
748.70
725.05
779.32
708.38
803.70
792.40
863.11
740.40
693.24
792.62
855.19
763.63
816.90
771.30
798.84
795.93
789.17
223.35
0.00
2.15
514.02
799.51
731.97
663.78
622.57
796.74
748.37
826.12
775.79
822.79
717.64
743.04
711.01
730.58
857.59
760.30
70.18
474.49
116.02
708.76
768.42
770.93
775.84
732.63
729.89
736.43
769.87
224.38
592.88
21.47
778.42
662.85
823.32
653.29
812.09
729.72
849.07
484.37
756.15
798.78
861.47
719.34
832.56
805.73
685.72
766.69
779.41
784.78
805.90
781.06
667.23
802.24
729.33
789.84
748.20
706.61
693.31
764.54
699.75
757.29
626.10
760.16
678.29
732.06
840.95
672.36
797.47
316.60
150.51
718.36
733.93
824.57
735.43
725.41
707.56
867.16
714.30
744.22
856.92
775.48
757.72
739.18
799.74
723.47
713.56
796.97
657.42
784.81
833.29
767.67
757.17
751.76
766.74
738.71
832.87
768.63
836.81
726.36
305.95
288.20
1.35
512.00
701.69
748.59
818.45
800.58
835.74
798.79
845.33
167.33
852.06
834.27
760.30
740.83
763.48
753.51
848.72
725.18
752.88
344.93
836.01
838.80
688.35
725.46
862.39
858.14
702.29
726.89
651.31
704.06
750.52
787.33
767.61
754.96
781.39
751.29
691.68
26.69
737.26
773.15
733.74
771.18
849.70
754.37
778.79
780.88
743.93
750.32
820.91
801.11
721.69
213.41
796.20
780.66
796.32
786.59
753.48
762.05
713.46
780.50
766.44
647.84
737.14
844.22
811.42
790.96
709.65
723.81
764.56
719.87
630.24
258.02
719.74
721.40
715.52
739.53
789.50
669.19
786.63
897.16
738.98
877.90
819.45
791.63
850.58
782.70
835.76
812.83
702.04
671.24
733.73
676.27
719.82
174.35
760.02
689.25
871.79
722.20
732.99
718.68
819.30
745.76
770.56
766.58
805.74
484.34
747.55
789.57
754.12
671.58
774.76
749.25
798.96
762.14
766.71
667.23
749.14
667.10
692.41
759.56
766.54
745.27
702.84
739.04
762.25
766.80
752.77
844.94
800.33
798.24
786.74
715.38
791.72
810.92
747.88
778.03
799.24
826.92
849.04
738.63
784.43
789.63
458.85
777.23
726.57
743.35
749.46
877.93
747.91
771.20
775.88
805.69
787.07
900.00
745.85
41.47
778.20
684.76
766.31
672.96
802.23
812.37
738.05
810.77
767.80
765.36
703.57
783.78
734.42
769.62
722.26
780.22
407.85
775.89
406.37
423.66
744.63
817.45
847.07
638.43
753.02
775.97
672.06
817.26
808.40
686.11
805.81
835.50
767.78
686.20
769.32
773.25
693.67
714.53
657.92
796.16
866.36
805.88
732.53
643.41
838.20
801.31
827.44
722.73
827.82
0.00
799.62
300.94
15.04
777.25
766.58
697.63
474.11
455.26
25.33
273.97
517.44
761.43
684.19
754.62
792.13
900.00
425.68
780.40
756.24
758.12
695.18
869.98
679.94
733.74
377.35
725.25
711.24
646.90
779.26
722.70
857.68
729.56
725.04
792.52
743.10
721.50
840.19
757.25
713.46
703.33
817.02
734.69
721.76
762.97
724.35
236.52
268.56
222.30
741.09
751.67
723.19
778.06
791.08
710.58
665.75
713.03
762.51
744.45
705.93
797.55
770.32
67.92
400.38
171.81
688.60
734.91
650.94
227.95
752.92
747.02
669.93
697.93
733.67
770.86
785.64
729.84
672.88
670.45
745.57
710.72
808.90
782.36
777.14
738.27
819.35
804.37
679.03
847.01
676.15
716.20
836.92
841.89
707.06
734.93
224.58
307.83
242.07
899.75
712.05
809.90
739.79
857.12
720.79
691.13
696.15
770.78
435.55
725.34
678.05
787.80
760.30
729.45
761.27
269.06
376.25
581.43
366.27
343.57
694.20
704.02
681.38
797.00
801.12
793.11
728.77
780.92
840.67
626.73
709.99
728.73
751.26
743.21
752.11
753.63
687.73
794.38
789.99
780.74
754.87
710.69
814.83
782.22
667.03
819.06
774.23
718.37
402.09
392.95
856.17
826.71
678.36
729.57
