771.14
752.50
790.90
739.78
539.82
273.20
0.00
0.01
0.01
0.00
111.15
516.23
216.78
223.94
178.61
79.46
190.81
670.38
114.45
655.49
720.99
807.52
248.97
36.08
675.80
645.88
749.02
710.87
861.13
226.17
418.44
900.00
736.35
774.83
847.15
849.54
749.32
807.51
768.79
767.53
727.74
839.17
765.85
744.82
775.42
752.05
753.64
762.83
799.92
868.60
828.08
817.92
837.07
892.12
425.54
855.47
593.51
705.33
704.80
814.39
840.41
821.62
850.60
205.20
57.69
523.31
608.84
788.73
681.46
754.04
697.17
837.81
828.94
836.14
827.56
838.63
838.00
799.65
858.51
824.05
838.51
759.69
415.98
488.21
731.45
403.55
778.24
51.73
814.72
460.84
741.77
766.05
726.71
784.45
736.29
772.45
738.39
713.98
729.14
682.69
718.33
706.97
759.46
766.60
776.22
738.29
766.92
764.72
708.80
760.13
722.03
745.36
710.40
782.19
774.30
743.13
722.70
775.10
706.85
705.65
699.22
751.18
727.77
712.14
712.37
727.85
731.53
746.76
543.42
723.27
705.85
695.31
891.61
825.59
722.69
726.62
678.24
866.05
679.28
292.44
552.92
755.25
774.72
747.92
789.70
723.50
702.82
723.33
881.97
742.68
597.60
792.29
741.93
615.94
739.37
744.30
721.28
702.71
726.97
759.16
742.38
789.10
746.41
780.20
765.38
726.90
13.66
102.77
0.02
0.02
204.57
88.39
322.20
219.62
618.91
741.04
707.71
786.33
865.17
854.54
724.32
848.24
848.19
877.11
772.70
859.29
843.87
834.92
705.06
751.17
752.38
714.99
599.37
725.17
748.73
561.72
711.40
113.99
508.39
722.05
810.66
846.59
421.26
774.53
734.87
747.42
752.45
636.39
718.90
703.08
813.11
687.84
758.05
741.50
844.99
840.67
854.13
821.37
712.35
690.55
761.12
687.69
718.77
857.51
853.63
832.83
840.81
824.55
839.69
827.54
848.93
721.98
405.67
744.50
838.33
827.70
722.24
724.62
709.98
741.03
874.00
856.51
800.52
858.64
856.67
834.73
722.68
732.58
822.91
746.56
729.82
733.74
838.96
702.64
723.53
778.46
748.93
742.57
721.51
585.65
735.57
822.86
800.64
700.64
692.49
704.12
859.53
843.74
722.21
728.89
684.67
257.90
681.94
782.29
783.69
685.84
874.10
713.24
704.57
712.79
684.18
680.23
705.88
702.44
701.92
701.94
710.39
813.88
797.71
718.18
728.08
786.07
702.55
714.51
820.63
786.67
846.25
815.60
785.05
143.67
617.13
732.81
698.14
219.72
596.02
703.39
854.81
834.64
801.99
460.59
745.30
705.08
791.30
695.29
809.95
668.53
687.43
704.83
710.95
739.94
725.77
768.56
773.90
744.08
723.55
715.39
712.15
680.33
725.05
707.27
137.42
721.28
740.05
810.46
717.89
710.44
341.67
767.42
725.64
720.49
733.75
760.85
757.04
733.30
728.33
771.26
698.58
133.09
23.80
575.45
751.80
688.44
110.50
575.35
0.00
668.94
697.73
774.04
710.62
601.21
202.46
732.80
386.90
760.07
733.51
718.16
723.85
526.45
676.75
730.11
731.41
521.50
759.87
772.36
750.74
724.64
737.31
720.87
707.06
833.50
864.39
826.21
888.46
728.21
773.21
798.24
374.98
728.75
771.30
748.23
775.13
760.33
854.32
840.54
823.67
840.11
779.23
698.75
749.67
713.63
809.49
828.26
872.12
879.69
851.37
209.38
103.03
131.17
612.76
610.67
206.35
539.29
728.79
782.87
762.81
751.58
732.01
780.33
675.50
742.15
860.73
875.23
790.96
749.94
754.38
767.03
739.74
109.58
441.61
770.14
759.63
753.73
747.52
840.13
842.48
724.20
725.84
858.48
798.29
743.76
756.47
424.57
319.31
22.67
638.60
736.58
52.55
574.24
854.83
752.98
626.08
675.72
813.85
730.47
741.74
671.93
827.29
734.37
567.52
600.72
720.71
818.79
341.64
680.71
757.62
690.30
711.07
673.13
709.66
729.66
723.61
691.29
894.71
818.34
783.56
735.64
672.35
801.60
832.11
694.74
717.58
724.51
715.65
689.89
739.04
427.09
474.43
699.16
509.19
549.39
707.13
740.93
778.65
673.52
738.55
693.16
502.03
673.21
786.26
696.31
815.59
696.73
898.50
853.77
701.15
696.38
709.23
678.25
726.29
839.93
847.46
766.53
697.13
725.99
778.60
733.28
808.21
679.76
675.51
715.92
826.90
710.67
775.20
846.67
716.87
378.03
658.88
699.76
694.54
731.33
874.37
816.41
773.58
691.35
718.40
688.45
820.48
869.51
694.16
757.32
673.70
888.63
762.08
701.98
830.37
753.83
706.26
676.35
823.04
799.15
678.95
102.23
0.00
0.00
0.01
48.55
612.40
792.31
448.51
812.78
856.53
821.91
693.74
736.73
690.67
749.15
761.70
780.07
709.51
749.67
581.88
704.37
710.12
763.53
856.95
846.84
798.06
830.39
825.80
865.29
872.50
78.31
697.39
601.93
900.00
85.32
477.71
824.42
833.77
892.03
860.98
885.06
837.62
825.17
875.21
847.79
756.57
721.60
764.05
764.66
