750.95
690.78
755.36
817.03
811.87
835.59
871.55
666.63
886.29
848.68
859.34
748.93
35.78
41.10
0.00
0.01
0.01
0.03
0.02
0.00
0.00
0.00
0.00
0.01
0.00
0.00
480.24
741.25
696.00
692.74
690.88
512.25
765.68
760.91
798.28
855.36
845.06
727.89
875.49
752.61
717.43
881.21
839.74
840.42
771.47
714.29
781.27
794.49
757.77
542.62
510.47
821.80
745.39
729.07
679.99
701.03
720.77
723.00
845.97
850.30
840.99
861.50
851.44
825.96
851.13
832.45
845.45
887.65
839.16
866.81
881.08
842.83
793.74
763.50
695.09
753.77
704.07
736.07
733.01
743.14
747.27
761.23
779.11
735.99
724.98
711.51
720.74
751.94
710.24
758.61
648.74
709.93
720.03
693.61
687.61
767.38
694.49
756.54
738.34
729.26
729.59
677.82
730.91
686.00
712.03
740.30
709.87
722.44
696.57
741.28
736.47
775.59
686.98
724.80
722.12
724.27
754.16
729.64
719.74
707.03
732.95
733.80
742.44
733.92
691.48
686.43
701.50
729.13
748.98
749.14
732.87
710.36
723.07
696.39
739.56
737.27
736.49
738.83
709.33
732.59
758.14
768.71
753.01
753.99
741.29
710.84
716.87
717.94
754.69
732.70
112.66
48.53
193.19
177.40
99.09
140.69
97.60
28.98
0.01
0.00
0.00
0.01
580.74
0.00
0.00
626.00
730.61
640.38
531.31
719.39
23.30
24.54
679.75
0.00
640.50
637.95
741.11
700.14
878.88
175.76
175.93
229.05
599.00
617.18
112.95
765.37
41.46
342.19
73.61
41.08
93.57
162.81
0.00
105.42
0.00
568.98
850.83
851.45
799.71
830.25
730.64
709.96
787.93
747.47
693.00
719.08
859.31
719.86
741.99
700.26
138.31
0.00
134.35
0.00
0.00
0.00
781.37
235.66
149.85
100.38
73.30
0.00
128.45
484.54
775.22
747.56
759.62
801.19
852.79
867.72
453.85
566.63
772.22
860.67
783.72
723.59
843.64
838.99
666.46
689.02
714.38
662.81
726.14
717.93
507.54
680.10
682.74
706.42
711.52
693.13
427.94
595.79
782.75
688.18
697.47
681.02
702.05
733.62
736.88
734.55
711.95
706.25
717.89
868.03
726.29
696.72
665.69
674.86
740.46
443.92
809.31
755.89
697.06
742.18
747.87
705.43
862.96
878.12
805.87
821.49
726.87
817.68
719.89
731.81
698.40
712.02
730.09
685.80
889.14
741.24
705.57
733.68
752.16
745.64
812.49
679.58
726.17
739.09
693.82
731.76
687.17
161.70
675.49
724.85
859.30
798.84
762.56
721.45
701.75
844.84
755.16
779.77
812.70
753.75
728.59
756.18
740.56
777.19
746.22
781.56
719.10
719.94
752.01
753.22
708.81
737.35
718.55
754.05
817.61
703.12
648.11
778.84
765.69
732.93
696.07
776.88
733.23
723.19
710.59
729.08
722.72
742.75
714.39
737.81
732.68
662.04
686.42
596.01
900.00
712.37
700.68
823.76
797.92
770.76
843.24
707.16
692.56
729.64
384.27
546.42
790.44
693.77
719.10
828.36
696.77
730.05
685.08
778.76
720.19
682.96
796.12
736.85
709.96
667.28
712.55
697.65
807.75
779.40
785.36
853.64
669.70
795.60
717.47
684.09
696.99
719.47
841.02
711.43
704.36
698.45
731.55
867.81
763.11
707.73
700.71
841.53
693.20
703.39
697.79
752.48
717.88
763.65
513.47
741.43
763.84
691.94
806.50
856.66
856.99
843.35
828.79
853.79
855.61
822.51
769.60
782.18
820.38
836.14
859.07
868.18
840.80
847.02
861.14
844.23
828.93
836.74
763.17
724.05
826.24
853.62
855.09
841.18
832.10
824.83
813.29
837.84
870.80
848.48
838.91
722.65
729.18
737.14
382.22
535.60
703.96
796.19
546.16
852.33
831.37
881.05
818.15
803.00
807.38
803.07
736.92
743.64
697.99
752.80
723.86
820.15
884.79
858.45
835.05
865.55
855.42
846.68
853.71
757.20
735.73
789.78
704.52
718.91
701.54
760.37
847.44
812.12
877.84
843.56
844.11
829.71
853.96
843.78
867.42
568.81
710.35
468.16
539.43
719.79
789.67
706.30
177.79
78.36
609.70
725.56
738.90
372.69
0.00
7.38
0.00
39.71
0.03
0.02
167.79
123.30
104.82
29.87
326.29
73.41
0.00
691.22
40.21
576.80
53.11
153.05
122.42
103.45
765.55
720.76
749.41
761.79
754.36
758.78
734.55
679.19
749.88
772.72
722.61
764.86
750.56
756.90
723.15
697.73
723.70
771.94
723.90
716.85
761.21
726.35
813.83
733.81
752.21
737.94
705.18
762.99
717.52
613.21
405.39
771.45
852.17
810.92
855.51
839.42
858.00
810.71
851.88
857.50
835.33
861.50
847.53
770.60
103.02
0.01
0.00
185.74
871.41
535.33
578.96
714.44
734.33
825.58
751.67
750.69
835.91
860.20
716.49
845.53
829.07
865.88
865.17
834.90
829.13
834.02
845.51
823.07
859.00
746.46
630.39
172.64
584.31
329.87
719.98
679.30
42.66
462.77
682.00
32.04
0.00
403.51
746.88
724.32
