781.41
746.89
191.31
188.48
440.57
701.38
752.13
693.84
744.86
745.24
779.38
759.71
697.74
737.17
162.87
464.76
783.07
726.31
735.06
718.68
818.99
834.27
840.28
801.75
834.42
110.02
105.91
100.04
166.66
125.66
39.56
80.58
0.00
108.52
157.19
750.18
753.73
780.76
710.70
711.30
827.68
820.88
850.04
879.49
847.35
835.28
698.40
650.97
771.30
720.49
64.48
620.36
121.93
0.03
161.75
257.71
603.37
647.80
745.81
760.16
728.25
702.95
664.95
751.30
732.50
724.87
684.69
717.82
718.68
718.56
689.10
751.46
735.68
121.84
0.00
781.85
375.97
669.54
718.02
765.04
852.66
833.56
270.06
488.99
357.76
728.81
849.04
829.82
274.44
55.76
515.94
720.71
763.64
728.48
745.39
705.99
728.21
677.07
875.10
804.60
711.98
707.75
799.03
878.11
663.41
0.00
674.63
693.89
693.29
704.83
719.79
691.58
615.65
709.00
683.01
675.16
722.96
708.02
698.56
883.96
844.81
697.52
686.53
776.92
670.98
696.92
825.05
690.42
712.65
652.98
793.47
738.61
763.45
781.36
650.93
838.58
687.81
665.26
695.43
725.94
854.36
825.65
185.63
664.12
722.19
702.83
759.46
786.07
711.14
685.71
822.74
710.13
714.26
703.34
729.61
697.82
693.87
770.62
835.28
704.49
746.86
747.31
814.35
762.62
864.36
900.00
693.43
715.99
717.47
716.55
674.24
670.97
677.96
742.75
684.99
2.45
0.02
0.00
40.60
394.34
803.32
357.11
408.00
608.59
499.86
873.80
151.67
0.01
0.00
246.51
583.03
695.84
742.94
176.11
0.03
0.01
0.00
0.00
159.77
20.65
139.10
151.47
185.41
691.65
437.74
707.15
764.84
64.08
130.40
852.24
780.04
539.87
706.90
762.86
733.31
736.89
166.37
621.25
768.41
814.31
745.32
755.28
729.07
750.85
171.85
0.00
154.37
706.83
7.31
146.33
522.78
794.87
527.11
724.27
715.10
839.17
746.76
736.48
638.05
223.51
450.13
523.32
614.29
84.09
0.05
404.09
749.28
735.24
506.80
53.30
4.71
365.83
572.84
758.06
824.74
849.08
749.93
739.88
589.74
721.77
558.00
586.24
49.76
0.00
400.14
719.28
802.65
463.29
610.78
631.59
78.28
314.38
597.01
108.81
0.00
0.03
0.00
0.01
0.00
0.00
0.00
0.00
63.92
691.98
713.62
772.57
600.52
755.34
704.59
737.80
84.62
653.48
174.49
240.70
77.53
0.00
0.00
56.32
141.02
0.00
0.00
133.91
900.00
728.49
544.72
832.21
791.46
735.53
731.64
767.13
721.65
692.13
744.74
766.60
684.89
718.91
762.93
768.55
783.62
790.84
753.56
792.76
742.34
702.74
757.18
736.81
715.90
29.45
135.34
175.54
95.48
513.37
522.13
731.56
729.12
751.60
788.93
739.07
751.03
829.34
841.92
834.86
748.07
686.53
49.01
540.12
313.07
0.00
114.62
549.36
748.58
703.49
474.31
585.59
759.13
786.08
749.81
778.62
761.61
381.31
0.00
53.36
64.69
394.38
699.56
693.16
768.83
815.68
836.13
753.99
28.54
0.00
118.75
19.44
498.13
483.59
0.00
629.72
716.58
868.08
808.62
758.00
826.79
833.99
847.81
849.10
823.52
840.82
857.32
851.63
806.74
865.95
842.59
836.54
839.02
871.59
831.49
825.19
847.61
837.55
848.51
729.13
778.21
744.93
705.46
715.57
718.87
741.34
455.73
746.26
817.68
827.37
844.99
767.36
765.09
735.57
750.17
753.27
725.09
559.36
0.00
91.99
594.53
663.42
709.42
747.17
858.51
853.92
741.71
772.03
768.70
846.99
841.70
818.20
416.53
774.63
575.63
694.54
688.00
820.55
840.77
86.89
0.01
0.00
417.44
69.10
0.03
629.50
775.54
736.60
871.37
849.97
859.61
746.72
725.66
782.43
806.52
831.62
749.37
738.91
804.27
501.04
566.85
433.91
693.57
864.12
814.94
703.47
785.41
706.83
674.30
686.53
799.18
744.81
697.50
733.89
731.95
717.10
701.81
746.96
863.62
660.06
668.09
683.88
696.20
563.17
836.62
694.72
705.94
845.55
497.95
834.25
832.76
724.52
669.60
710.36
702.68
866.57
734.05
703.21
642.40
753.23
788.98
900.00
780.82
817.36
819.82
709.02
667.74
712.04
728.43
709.03
725.18
745.25
843.09
688.82
709.51
757.67
838.52
830.49
724.78
829.67
855.34
756.18
692.43
688.36
731.93
328.36
592.83
721.61
740.90
724.94
674.30
740.71
769.23
838.12
690.91
739.30
703.82
548.28
740.97
775.59
755.07
671.52
760.91
754.36
837.79
36.20
0.00
0.00
33.53
114.77
0.03
69.74
140.71
59.62
758.94
643.69
827.77
764.29
797.31
816.96
716.25
749.65
775.34
767.30
840.17
773.86
762.58
764.16
750.05
801.30
680.85
739.32
781.73
730.31
392.59
727.88
498.10
735.00
791.70
714.86
721.56
741.30
855.53
839.73
773.93
750.21
737.37
725.76
746.22
508.63
764.96
70.54
713.72
736.75
707.72
455.08
119.83
139.32
