756.96
685.20
673.34
788.16
834.99
109.45
192.40
603.88
639.77
747.82
866.90
809.17
727.30
611.82
746.27
680.46
777.05
605.50
818.72
808.95
732.95
731.05
161.71
0.00
0.02
159.91
101.68
70.76
557.97
622.65
401.25
776.29
772.56
719.51
765.54
673.15
775.80
758.47
742.11
737.84
780.50
853.74
849.95
259.17
851.02
270.34
83.23
142.44
752.62
46.57
24.62
64.04
615.14
895.03
656.12
741.92
843.40
857.41
830.17
824.80
857.84
829.70
754.02
763.61
762.47
619.07
709.84
857.22
845.12
393.09
781.77
742.71
821.59
823.29
879.44
636.13
125.09
131.93
82.79
528.40
52.12
500.17
522.58
819.73
828.45
847.21
816.26
735.45
842.19
827.55
873.26
696.67
713.82
816.87
502.14
772.76
747.86
785.69
662.85
90.72
22.54
134.51
755.72
579.68
750.09
734.35
851.90
835.08
860.28
670.99
506.76
577.96
590.62
622.81
338.79
841.94
622.03
657.83
384.76
712.85
754.30
780.60
863.83
701.59
713.28
858.72
705.25
729.24
711.90
712.65
732.42
750.22
686.72
701.22
731.38
797.70
686.99
697.06
729.30
758.80
813.59
580.00
514.98
844.84
844.68
673.25
722.26
745.46
711.42
733.56
739.15
698.38
0.00
250.89
0.00
726.64
767.57
757.16
844.38
832.64
862.83
848.02
838.69
837.10
697.81
713.72
763.58
362.49
771.29
695.23
223.32
876.58
601.22
541.48
557.64
415.71
46.96
0.00
348.53
719.07
776.05
830.74
838.23
830.35
833.18
845.87
838.23
724.25
714.77
728.94
756.16
510.64
201.96
0.00
0.00
204.06
12.05
900.00
585.22
759.52
716.70
63.71
743.07
30.40
171.44
556.66
132.06
182.39
192.93
527.63
673.90
764.18
733.92
753.38
727.57
555.59
738.18
756.05
739.69
811.01
833.70
830.69
628.37
664.45
290.01
839.40
828.59
850.08
838.65
835.21
862.34
718.71
779.97
731.20
710.50
591.15
403.23
719.72
670.13
756.01
768.51
831.24
735.10
711.51
690.97
800.90
723.33
750.68
740.97
840.36
786.04
822.16
827.11
847.11
237.45
118.82
0.00
455.01
666.69
684.19
749.41
328.33
27.13
156.25
427.87
863.60
867.81
811.94
847.43
833.15
827.80
726.12
736.68
523.38
720.66
762.11
723.65
721.99
734.51
708.51
831.29
864.96
759.75
681.32
769.34
703.99
729.15
800.26
812.07
859.56
823.52
841.45
806.64
742.90
756.81
762.13
723.97
773.87
764.36
118.68
0.01
0.00
0.00
0.05
0.00
0.00
0.00
171.12
710.82
158.58
0.00
393.34
447.48
431.99
868.59
843.91
827.25
724.45
760.64
741.78
692.25
731.49
27.95
144.09
123.57
126.91
181.23
8.88
0.00
400.50
448.10
133.49
42.38
194.48
490.89
725.74
169.00
0.00
0.01
0.00
613.60
532.00
694.04
705.71
19.00
143.16
335.17
594.00
738.98
831.85
830.89
843.98
830.53
849.14
861.43
827.16
845.91
836.22
855.93
847.60
838.26
854.22
835.30
837.29
798.52
833.53
829.34
169.28
569.46
744.74
668.91
715.69
725.08
694.92
0.00
0.00
234.97
780.20
768.91
828.12
797.54
831.73
731.51
669.94
720.12
786.03
840.65
837.09
877.08
866.28
728.00
727.50
819.67
827.02
835.95
832.05
852.55
825.46
273.14
221.06
486.10
506.38
789.99
708.14
771.08
734.29
716.55
837.13
860.85
879.81
860.99
736.10
208.72
696.52
462.66
511.16
596.35
614.89
603.89
471.61
767.87
0.00
888.23
666.63
566.39
283.90
457.28
272.96
35.77
0.00
464.28
51.54
681.84
534.03
477.80
768.35
693.04
666.58
765.64
767.65
710.53
701.03
740.22
887.76
494.87
757.61
755.52
757.29
721.48
773.40
895.42
827.21
813.23
852.89
265.86
14.75
167.56
26.53
722.84
451.12
634.44
753.32
752.30
679.79
666.88
849.42
811.25
859.03
214.59
81.84
0.00
0.00
0.01
0.00
0.00
467.56
558.49
757.44
737.50
741.33
725.58
715.05
769.82
743.04
832.86
762.70
781.22
837.14
744.00
634.52
697.51
702.37
726.70
825.64
683.74
719.19
794.73
721.59
720.12
713.04
826.17
847.90
706.89
844.38
852.94
882.81
856.35
845.33
815.97
844.18
720.22
759.94
757.55
564.32
204.41
763.95
715.25
119.51
0.00
0.02
574.03
0.00
0.00
0.00
45.83
0.00
187.57
603.02
509.60
747.54
739.77
769.14
817.54
863.98
866.77
840.60
745.66
742.09
855.15
835.08
816.25
877.18
859.89
766.53
476.11
421.74
436.40
630.17
198.21
41.64
638.31
749.16
725.81
835.00
714.12
729.61
776.87
773.05
704.76
731.66
733.18
558.53
33.58
61.07
0.00
0.00
0.02
0.03
0.00
0.04
175.81
0.01
0.00
0.00
128.66
387.50
548.09
694.52
731.57
37.58
191.25
413.36
755.60
807.53
774.44
748.05
836.58
835.77
821.54
829.96
838.90
844.18
851.88
824.95
852.00
862.82
818.30
735.32
553.19
375.97
