747.57
735.55
212.75
746.51
581.88
406.25
46.70
549.88
737.59
739.38
774.45
663.24
689.23
757.67
741.66
731.23
835.89
843.70
834.11
828.27
840.99
867.26
825.95
809.86
541.29
716.42
781.16
714.09
669.52
810.77
779.72
442.59
467.84
143.95
545.96
619.52
639.89
250.32
720.06
704.68
835.65
856.52
862.96
758.42
761.39
64.17
0.00
697.37
182.20
18.58
82.51
51.53
186.55
581.14
791.22
770.41
510.38
779.85
760.89
751.91
717.92
59.14
7.52
95.69
218.09
107.92
4.65
72.88
61.20
631.10
780.71
775.49
742.03
723.09
471.76
103.83
174.73
207.93
97.45
0.00
45.89
494.76
400.89
305.54
814.97
722.09
685.10
737.31
767.90
856.13
836.94
821.03
825.63
836.68
769.75
718.76
778.12
685.03
452.54
676.23
713.59
115.36
0.00
67.62
809.09
736.20
733.12
779.36
731.12
483.74
722.51
114.91
27.30
32.08
118.11
466.05
409.44
528.65
707.11
691.24
740.14
735.77
821.68
841.13
840.83
835.38
715.76
737.56
620.33
752.16
682.38
754.46
745.84
763.60
709.67
739.94
783.76
0.00
0.02
0.00
0.02
401.04
745.53
766.88
135.76
0.00
0.00
0.00
463.55
781.63
688.46
738.40
552.96
84.01
0.00
0.02
216.84
175.38
479.30
563.64
511.60
339.72
706.55
821.43
836.26
366.51
504.38
672.95
779.93
777.18
790.87
737.82
715.15
735.16
717.05
735.79
116.59
125.05
508.44
507.95
691.94
849.54
831.51
842.91
858.48
867.81
834.33
837.27
856.32
831.72
126.71
0.01
0.04
246.23
606.00
427.29
662.02
779.38
740.73
755.18
717.33
876.21
819.73
817.80
827.66
855.42
728.59
747.53
741.47
73.51
426.18
725.43
869.38
830.70
852.28
722.69
736.89
777.94
779.18
722.57
696.56
715.98
673.72
890.22
814.41
815.78
856.40
819.16
833.30
822.03
129.21
81.90
468.95
454.78
493.23
677.18
183.54
775.88
788.44
57.63
561.72
785.57
752.64
755.75
709.50
750.17
833.85
818.90
850.38
839.76
847.33
855.37
780.30
735.53
723.92
693.43
737.55
692.63
762.29
757.97
821.09
814.32
805.42
825.00
841.85
831.44
712.53
778.17
717.49
777.74
740.20
740.61
171.17
0.01
0.00
0.00
0.02
588.92
743.00
757.69
701.88
704.92
861.94
845.91
842.82
856.66
851.13
833.83
846.90
825.44
854.32
729.81
767.45
0.00
461.60
187.20
0.00
0.01
496.56
695.82
794.91
745.01
701.63
703.77
0.00
519.36
830.66
0.00
41.95
0.00
176.63
144.58
28.90
391.99
756.19
728.32
502.03
720.86
625.39
599.10
788.26
777.93
573.13
174.22
441.84
274.24
839.67
833.10
859.49
769.72
854.79
829.70
816.48
734.99
777.23
748.61
720.64
79.98
18.48
93.52
117.48
432.81
747.54
303.06
738.96
797.52
745.41
660.08
716.30
759.90
739.59
839.57
762.16
774.22
819.54
758.46
723.03
737.29
626.19
683.25
815.20
556.97
211.71
0.00
0.00
236.43
804.04
706.10
742.15
715.40
746.40
708.04
632.98
68.64
593.61
797.53
666.91
133.38
114.35
137.52
84.00
0.01
0.00
0.00
0.00
0.00
0.01
0.02
75.87
113.47
403.32
182.76
89.59
668.93
0.00
231.52
656.08
759.95
712.49
696.16
705.36
725.25
718.19
726.99
703.57
754.68
829.98
759.21
744.97
738.11
811.85
849.59
670.72
696.66
755.72
789.29
788.40
715.78
213.98
445.52
569.62
435.39
754.99
853.17
729.75
760.05
844.99
858.38
862.79
853.16
835.01
835.35
838.69
825.53
835.17
788.76
853.86
748.76
622.75
693.37
461.29
731.66
740.08
752.51
70.11
753.54
785.69
627.65
700.71
682.61
696.53
687.16
793.06
806.02
718.74
880.87
722.21
708.54
688.14
715.36
816.47
684.31
771.46
803.51
854.74
743.19
801.40
817.92
815.64
700.67
730.02
801.91
739.26
730.92
746.63
727.26
721.18
701.68
759.84
731.02
687.78
761.70
348.29
331.70
6.19
0.00
0.00
0.03
0.00
0.00
61.20
134.09
0.01
703.71
511.11
79.99
200.13
139.59
0.00
0.01
267.70
240.99
186.57
60.55
0.04
560.27
346.43
96.04
605.60
739.78
255.69
342.94
729.76
806.33
756.53
728.33
801.22
783.25
284.20
180.56
0.01
0.00
224.63
0.00
726.16
683.95
692.46
768.50
731.88
756.65
767.41
427.36
226.70
780.52
538.05
470.05
781.33
742.47
744.89
815.42
857.11
844.11
825.92
667.09
438.80
528.91
472.98
684.34
845.83
836.04
820.54
845.99
748.55
851.96
841.33
839.36
731.54
749.84
719.90
731.62
741.61
840.13
791.16
881.11
852.64
853.82
806.24
714.66
749.39
844.76
741.65
836.56
562.23
759.63
708.74
837.05
834.40
870.93
749.89
0.00
343.25
758.27
857.01
830.02
839.30
728.57
837.75
864.00
845.95
697.15
719.13
741.54
375.98
865.25
865.00
834.23
882.34
863.36
837.56
101.54
