0.00 0.00
0.50 390.56
1.00 708.26
1.50 715.52
2.00 243.05
2.50 714.27
3.00 766.16
3.50 672.49
4.00 760.14
4.50 778.44
5.00 826.27
5.50 764.56
6.00 782.24
6.50 815.34
7.00 767.33
7.50 698.92
8.00 724.83
8.50 791.97
9.00 785.89
9.50 679.04
10.00 765.47
10.50 757.93
11.00 745.65
11.50 806.19
12.00 718.69
12.50 727.52
13.00 748.44
13.50 729.49
14.00 693.46
14.50 768.62
15.00 718.98
15.50 774.21
16.00 715.96
16.50 742.72
17.00 757.02
17.50 713.65
18.00 788.65
18.50 711.95
19.00 680.48
19.50 737.64
20.00 782.92
20.50 0.00
21.00 674.31
21.50 722.82
22.00 740.57
22.50 847.86
23.00 860.54
23.50 722.51
24.00 707.87
24.50 705.79
25.00 717.78
25.50 678.23
26.00 809.84
26.50 676.73
27.00 708.50
27.50 665.96
28.00 833.89
28.50 705.78
29.00 710.34
29.50 720.41
30.00 706.53
30.50 716.64
31.00 705.34
31.50 785.03
32.00 749.90
32.50 216.56
33.00 621.84
33.50 798.39
34.00 795.88
34.50 703.18
35.00 744.98
35.50 688.78
36.00 388.71
36.50 666.33
37.00 816.59
37.50 791.59
38.00 891.21
38.50 478.89
39.00 712.54
39.50 849.75
40.00 736.98
40.50 717.45
41.00 723.59
41.50 691.95
42.00 718.03
42.50 743.49
43.00 721.25
43.50 712.88
44.00 707.08
44.50 718.39
45.00 771.16
45.50 729.37
46.00 685.17
46.50 731.56
47.00 808.13
47.50 777.62
48.00 689.01
48.50 702.14
49.00 778.10
49.50 689.43
50.00 731.85
50.50 751.09
51.00 706.33
51.50 751.33
52.00 700.43
52.50 719.79
53.00 712.04
53.50 737.34
54.00 739.72
54.50 781.00
55.00 732.75
55.50 708.48
56.00 759.33
56.50 751.61
57.00 742.36
57.50 709.93
58.00 765.76
58.50 704.46
59.00 714.59
59.50 720.00
60.00 754.02
60.50 786.24
61.00 737.17
61.50 757.26
62.00 721.15
62.50 679.95
63.00 710.20
63.50 745.04
64.00 707.63
64.50 731.00
65.00 797.85
65.50 721.95
66.00 695.70
66.50 719.68
67.00 765.30
67.50 747.59
68.00 514.82
68.50 831.92
69.00 804.87
69.50 819.53
70.00 849.26
70.50 841.32
71.00 661.13
71.50 469.35
72.00 676.73
72.50 735.86
73.00 518.77
73.50 599.69
74.00 511.72
74.50 0.00
75.00 729.66
75.50 729.99
76.00 736.64
76.50 700.86
77.00 715.40
77.50 738.76
78.00 725.90
78.50 750.86
79.00 678.72
79.50 720.78
80.00 783.53
80.50 763.70
81.00 736.47
81.50 719.81
82.00 744.85
82.50 774.03
83.00 704.46
83.50 774.62
84.00 674.03
84.50 752.39
85.00 788.26
85.50 714.73
86.00 733.12
86.50 724.49
87.00 742.71
87.50 753.35
88.00 661.96
88.50 670.53
89.00 736.60
89.50 731.22
90.00 679.00
90.50 734.55
91.00 750.78
91.50 713.59
92.00 762.23
92.50 729.49
93.00 763.29
93.50 385.01
94.00 453.35
94.50 670.25
95.00 732.13
95.50 432.50
96.00 659.52
96.50 674.17
97.00 553.74
97.50 701.53
98.00 739.09
98.50 733.04
99.00 819.64
99.50 750.31
100.00 844.12
100.50 884.03
101.00 827.96
101.50 764.44
102.00 685.67
102.50 709.76
103.00 668.32
103.50 562.68
104.00 637.45
104.50 819.25
105.00 802.30
105.50 734.65
106.00 675.45
106.50 748.23
107.00 686.75
107.50 706.73
108.00 595.84
108.50 665.78
109.00 700.91
109.50 879.54
110.00 715.42
110.50 900.00
111.00 755.91
111.50 701.93
112.00 703.96
112.50 667.93
113.00 434.15
113.50 613.37
114.00 798.00
114.50 731.18
115.00 710.24
115.50 727.14
116.00 723.36
116.50 704.71
117.00 704.35
117.50 710.23
118.00 664.25
118.50 676.11
119.00 713.43
119.50 680.83
120.00 713.42
120.50 871.04
121.00 695.72
121.50 688.46
122.00 717.61
122.50 699.61
123.00 717.68
123.50 701.24
124.00 819.69
124.50 526.25
125.00 853.53
125.50 436.63
126.00 707.78
126.50 816.22
127.00 702.61
127.50 754.05
128.00 859.33
128.50 809.87
129.00 698.15
129.50 793.16
130.00 735.36
130.50 720.10
131.00 578.88
131.50 832.59
132.00 716.07
132.50 758.56
133.00 762.06
133.50 761.72
134.00 799.79
134.50 774.50
135.00 193.02
135.50 706.99
136.00 687.89
136.50 684.07
137.00 729.58
137.50 707.77
138.00 571.36
138.50 896.09
139.00 761.97
139.50 799.84
140.00 693.56
140.50 718.52
141.00 709.77
141.50 773.26
142.00 840.52
142.50 792.80
143.00 767.95
143.50 671.82
144.00 686.76
144.50 764.66
145.00 734.10
145.50 616.06
146.00 820.00
146.50 871.17
147.00 545.86
147.50 871.20
148.00 702.52
148.50 718.69
149.00 835.69
149.50 708.11
150.00 694.63
150.50 676.63
151.00 808.24
151.50 708.21
152.00 514.70
152.50 748.68
153.00 850.61
153.50 704.95
154.00 720.73
154.50 715.99
155.00 553.58
155.50 900.00
156.00 753.92
156.50 825.60
157.00 813.26
157.50 684.18
158.00 701.39
158.50 772.95
159.00 680.30
159.50 721.49
160.00 679.27
160.50 711.71
161.00 750.64
161.50 732.51
162.00 889.08
162.50 816.74
163.00 640.54
163.50 850.18
164.00 715.70
164.50 722.77
165.00 713.32
165.50 688.77
166.00 666.10
166.50 738.69
167.00 694.49
167.50 812.64
168.00 717.56
168.50 730.99
169.00 677.08
169.50 554.45
170.00 660.42
170.50 890.99
171.00 864.88
171.50 720.48
172.00 681.79
172.50 682.42
173.00 174.94
173.50 846.09
174.00 852.36
174.50 710.12
175.00 826.66
175.50 833.84
176.00 678.28
176.50 680.79
177.00 759.81
177.50 734.57
178.00 689.83
178.50 832.70
179.00 706.58
179.50 719.55
180.00 802.77
180.50 820.74
181.00 772.87
181.50 707.38
182.00 734.37
182.50 715.64
183.00 803.48
183.50 769.84
184.00 819.83
184.50 798.62
185.00 708.20
185.50 713.38
186.00 683.35
186.50 810.08
187.00 900.00
187.50 713.67
188.00 731.05
188.50 726.01
189.00 778.37
189.50 787.57
190.00 692.19
190.50 706.75
191.00 795.54
191.50 705.22
192.00 897.74
192.50 767.34
193.00 712.45
193.50 456.06
194.00 699.60
194.50 733.61
195.00 784.23
195.50 685.97
196.00 838.00
196.50 722.37
197.00 680.42
197.50 745.27
198.00 701.17
198.50 672.97
199.00 821.70
199.50 742.29
200.00 339.67
200.50 627.60
201.00 36.48
201.50 0.01
202.00 0.00
202.50 0.00
203.00 48.56
203.50 742.60
204.00 828.86
204.50 850.60
205.00 848.80
205.50 817.70
206.00 828.47
206.50 889.90
207.00 837.97
207.50 836.47
208.00 846.57
208.50 0.00
209.00 0.00
209.50 0.00
210.00 741.10
210.50 148.08
211.00 0.01
211.50 264.05
212.00 736.03
212.50 0.00
213.00 68.63
213.50 138.91
214.00 0.00
214.50 0.00
215.00 0.00
215.50 813.04
216.00 891.45
216.50 829.25
217.00 77.53
217.50 802.70
218.00 864.44
218.50 848.75
219.00 867.03
219.50 852.15
220.00 0.00
220.50 355.35
221.00 170.75
221.50 199.84
222.00 0.00
222.50 5.08
223.00 216.50
223.50 158.47
224.00 127.49
224.50 260.72
225.00 708.49
225.50 475.48
226.00 745.15
226.50 766.22
227.00 784.51
227.50 558.51
228.00 779.80
228.50 764.33
229.00 739.75
229.50 748.89
230.00 879.96
230.50 0.00
231.00 0.01
231.50 0.00
232.00 468.33
232.50 753.23
233.00 712.18
233.50 0.02
234.00 0.00
234.50 0.00
235.00 400.02
235.50 799.41
236.00 757.71
236.50 763.56
237.00 720.43
237.50 747.67
238.00 432.79
238.50 433.42
239.00 710.70
239.50 747.69
240.00 714.72
240.50 747.35
241.00 691.79
241.50 739.57
242.00 732.35
242.50 701.31
243.00 704.70
243.50 686.50
244.00 707.70
244.50 766.71
245.00 736.16
245.50 749.23
246.00 732.74
246.50 740.29
247.00 787.30
247.50 717.25
248.00 784.47
248.50 729.78
249.00 746.40
249.50 698.16
250.00 714.33
250.50 779.50
251.00 700.32
251.50 731.15
252.00 713.35
252.50 773.02
253.00 714.86
253.50 756.94
254.00 695.18
254.50 741.87
255.00 749.32
255.50 715.00
256.00 756.45
256.50 743.21
257.00 734.42
257.50 735.33
258.00 698.49
258.50 750.47
259.00 739.08
259.50 741.87
260.00 754.30
260.50 747.54
261.00 718.82
261.50 744.29
262.00 761.62
262.50 707.25
263.00 776.08
263.50 737.43
264.00 759.46
264.50 696.30
265.00 781.90
265.50 704.59
266.00 751.39
266.50 739.44
267.00 728.44
267.50 763.04
268.00 760.75
268.50 762.13
269.00 801.51
269.50 765.51
270.00 754.15
270.50 758.33
271.00 727.29
271.50 649.20
272.00 720.23
272.50 732.86
273.00 717.87
273.50 783.75
274.00 743.92
274.50 746.40
275.00 724.14
275.50 734.23
276.00 735.03
276.50 729.19
277.00 709.03
277.50 751.05
278.00 733.56
278.50 692.08
279.00 718.79
279.50 818.18
280.00 741.24
280.50 763.10
281.00 721.49
281.50 726.42
282.00 729.04
282.50 682.28
283.00 723.55
283.50 758.44
284.00 732.03
284.50 819.25
285.00 749.79
285.50 758.62
286.00 771.02
286.50 802.59
287.00 752.52
287.50 748.38
288.00 740.10
288.50 699.21
289.00 691.66
289.50 725.52
290.00 727.60
290.50 708.65
291.00 737.48
291.50 758.77
292.00 774.95
292.50 748.72
293.00 747.49
293.50 695.48
294.00 764.66
294.50 757.16
295.00 712.18
295.50 723.20
296.00 725.95
296.50 742.10
297.00 708.26
297.50 740.01
298.00 753.79
298.50 748.01
299.00 731.52
299.50 760.36
