0.00 854.56
0.50 836.33
1.00 832.55
1.50 870.78
2.00 872.92
2.50 712.78
3.00 478.42
3.50 517.05
4.00 417.28
4.50 221.17
5.00 329.35
5.50 404.19
6.00 781.88
6.50 756.05
7.00 739.17
7.50 718.86
8.00 699.32
8.50 711.48
9.00 836.41
9.50 840.28
10.00 852.94
10.50 692.28
11.00 0.00
11.50 0.00
12.00 0.03
12.50 0.01
13.00 229.85
13.50 18.83
14.00 0.02
14.50 0.00
15.00 726.32
15.50 741.14
16.00 733.15
16.50 707.18
17.00 711.00
17.50 722.85
18.00 778.61
18.50 785.40
19.00 0.01
19.50 249.25
20.00 132.06
20.50 152.08
21.00 316.98
21.50 272.49
22.00 408.28
22.50 169.87
23.00 462.93
23.50 682.73
24.00 149.60
24.50 130.90
25.00 818.10
25.50 822.30
26.00 839.90
26.50 715.14
27.00 541.97
27.50 121.38
28.00 184.32
28.50 0.01
29.00 493.38
29.50 631.17
30.00 314.85
30.50 0.00
31.00 108.72
31.50 263.49
32.00 107.69
32.50 529.19
33.00 737.22
33.50 689.43
34.00 447.87
34.50 0.00
35.00 102.07
35.50 57.95
36.00 0.00
36.50 0.00
37.00 0.00
37.50 171.10
38.00 0.01
38.50 0.00
39.00 490.94
39.50 763.94
40.00 743.94
40.50 656.95
41.00 734.15
41.50 828.14
42.00 628.80
42.50 203.15
43.00 139.57
43.50 900.00
44.00 893.64
44.50 137.97
45.00 323.57
45.50 47.85
46.00 0.01
46.50 0.03
47.00 851.56
47.50 841.14
48.00 828.58
48.50 865.85
49.00 841.72
49.50 497.13
50.00 755.85
50.50 742.12
51.00 684.34
51.50 743.11
52.00 743.84
52.50 808.81
53.00 750.34
53.50 722.81
54.00 723.42
54.50 770.42
55.00 725.67
55.50 762.05
56.00 684.86
56.50 691.37
57.00 783.41
57.50 712.77
58.00 740.69
58.50 701.51
59.00 661.62
59.50 752.42
60.00 748.81
60.50 758.21
61.00 753.91
61.50 758.04
62.00 740.87
62.50 724.24
63.00 750.42
63.50 705.47
64.00 734.50
64.50 739.87
65.00 755.32
65.50 772.31
66.00 698.49
66.50 727.23
67.00 732.67
67.50 700.29
68.00 725.28
68.50 733.44
69.00 782.18
69.50 742.62
70.00 698.69
70.50 764.16
71.00 798.24
71.50 746.05
72.00 700.54
72.50 723.97
73.00 742.96
73.50 723.13
74.00 742.02
74.50 760.40
75.00 742.48
75.50 788.54
76.00 704.23
76.50 693.15
77.00 685.94
77.50 718.20
78.00 725.71
78.50 759.16
79.00 778.08
79.50 741.65
80.00 734.54
80.50 704.35
81.00 767.81
81.50 774.25
82.00 757.60
82.50 774.78
83.00 771.85
83.50 680.02
84.00 750.31
84.50 746.81
85.00 718.82
85.50 711.58
86.00 750.99
86.50 704.74
87.00 694.93
87.50 693.73
88.00 701.36
88.50 756.67
89.00 773.75
89.50 687.65
90.00 653.96
90.50 727.97
91.00 598.89
91.50 703.21
92.00 741.11
92.50 728.41
93.00 883.09
93.50 728.22
94.00 341.02
94.50 612.14
95.00 756.09
95.50 693.22
96.00 757.43
96.50 678.82
97.00 414.02
97.50 558.33
98.00 711.41
98.50 706.65
99.00 687.36
99.50 814.02
100.00 783.49
100.50 522.37
101.00 640.71
101.50 732.31
102.00 726.12
102.50 741.74
103.00 681.28
103.50 735.02
104.00 693.47
104.50 731.86
105.00 760.51
105.50 697.64
106.00 748.11
106.50 768.37
107.00 774.08
107.50 786.52
108.00 701.47
108.50 742.70
109.00 757.68
109.50 754.88
110.00 746.09
110.50 719.47
111.00 753.85
111.50 734.44
112.00 691.78
112.50 751.14
113.00 767.03
113.50 753.41
114.00 698.00
114.50 673.46
115.00 725.89
115.50 762.10
116.00 768.07
116.50 696.07
117.00 744.23
117.50 721.12
118.00 772.44
118.50 718.68
119.00 743.90
119.50 696.18
120.00 740.38
120.50 722.54
121.00 769.75
121.50 747.79
122.00 701.62
122.50 723.63
123.00 727.13
123.50 735.54
124.00 702.24
124.50 750.27
125.00 757.20
125.50 778.01
126.00 0.00
126.50 0.03
127.00 0.00
127.50 0.00
128.00 18.19
128.50 0.00
129.00 0.00
129.50 821.24
130.00 837.10
130.50 473.46
131.00 729.37
131.50 849.38
132.00 821.60
132.50 782.89
133.00 0.01
133.50 0.00
134.00 143.73
134.50 0.00
135.00 302.28
135.50 302.32
136.00 785.11
136.50 819.22
137.00 742.00
137.50 646.09
138.00 542.44
138.50 225.27
139.00 613.81
139.50 725.57
140.00 710.16
140.50 831.97
141.00 859.91
141.50 835.71
142.00 799.31
142.50 832.83
143.00 850.23
143.50 843.12
144.00 0.00
144.50 187.98
145.00 140.74
145.50 0.00
146.00 690.20
146.50 713.80
147.00 704.25
147.50 708.52
148.00 736.47
148.50 759.07
149.00 449.19
149.50 222.62
150.00 65.82
150.50 369.00
151.00 753.31
151.50 24.04
152.00 147.54
152.50 269.29
153.00 515.49
153.50 822.68
154.00 37.09
154.50 100.18
155.00 629.23
155.50 111.22
156.00 546.57
156.50 460.34
157.00 199.09
157.50 101.14
158.00 0.00
158.50 0.01
159.00 0.02
159.50 498.67
160.00 557.22
160.50 494.10
161.00 738.06
161.50 503.45
162.00 482.86
162.50 762.85
163.00 723.64
163.50 790.99
164.00 20.74
164.50 0.00
165.00 0.01
165.50 735.32
166.00 803.99
166.50 834.71
167.00 830.17
167.50 792.21
168.00 542.73
168.50 719.46
169.00 581.83
169.50 641.76
170.00 767.65
170.50 499.53
171.00 602.41
171.50 834.35
172.00 718.23
172.50 728.94
173.00 7.28
173.50 715.83
174.00 225.66
174.50 533.12
175.00 684.94
175.50 759.64
176.00 772.91
176.50 389.54
177.00 640.49
177.50 765.25
178.00 740.92
178.50 660.20
179.00 262.80
179.50 33.01
180.00 114.59
180.50 740.19
181.00 719.79
181.50 400.14
182.00 391.55
182.50 717.88
183.00 772.06
183.50 741.81
184.00 24.92
184.50 721.26
185.00 649.92
185.50 666.74
186.00 766.35
186.50 767.77
187.00 722.91
187.50 845.71
188.00 841.37
188.50 853.01
189.00 761.25
189.50 688.91
190.00 1.89
190.50 726.21
191.00 689.68
191.50 623.00
192.00 745.89
192.50 562.77
193.00 667.00
193.50 748.95
194.00 730.21
194.50 746.14
195.00 854.20
195.50 687.40
196.00 861.21
196.50 843.60
197.00 822.44
197.50 846.55
198.00 849.40
198.50 822.66
199.00 854.33
199.50 844.09
200.00 226.99
200.50 366.40
201.00 442.19
201.50 370.22
202.00 723.05
202.50 683.13
203.00 700.07
203.50 519.56
204.00 744.69
204.50 735.49
205.00 735.16
205.50 746.50
206.00 774.14
206.50 707.30
207.00 717.51
207.50 681.42
208.00 747.00
208.50 752.46
209.00 707.26
209.50 736.00
210.00 743.49
210.50 754.40
211.00 725.36
211.50 757.83
212.00 681.92
212.50 705.83
213.00 702.72
213.50 802.55
214.00 776.97
214.50 665.61
215.00 732.23
215.50 742.32
216.00 737.54
216.50 706.41
217.00 708.20
217.50 767.48
218.00 758.80
218.50 749.25
219.00 765.56
219.50 754.19
220.00 704.27
220.50 787.77
221.00 705.36
221.50 739.07
222.00 721.25
222.50 777.06
223.00 790.09
223.50 699.46
224.00 753.77
224.50 734.97
225.00 763.17
225.50 802.29
226.00 732.33
226.50 755.14
227.00 697.92
227.50 714.84
228.00 757.51
228.50 766.65
229.00 737.66
229.50 755.52
230.00 753.40
230.50 705.13
231.00 753.52
231.50 721.68
232.00 735.13
232.50 723.13
233.00 725.73
233.50 743.99
234.00 746.06
234.50 724.15
235.00 771.15
235.50 771.69
236.00 680.51
236.50 805.68
237.00 765.32
237.50 789.52
238.00 788.95
238.50 736.78
239.00 704.24
239.50 759.62
240.00 740.29
240.50 682.82
241.00 727.68
241.50 681.65
242.00 747.88
242.50 658.99
243.00 848.54
243.50 694.86
244.00 738.14
244.50 764.73
245.00 714.45
245.50 766.10
246.00 720.46
246.50 690.08
247.00 843.85
247.50 799.41
248.00 719.35
248.50 691.45
249.00 672.21
249.50 700.89
250.00 689.78
250.50 714.91
251.00 698.71
251.50 816.75
252.00 798.01
252.50 751.79
253.00 618.38
253.50 39.58
254.00 231.59
254.50 192.01
255.00 0.03
255.50 0.02
256.00 702.22
256.50 739.34
257.00 761.30
257.50 720.21
258.00 833.23
258.50 812.47
259.00 319.56
259.50 705.54
260.00 823.26
260.50 456.67
261.00 649.49
261.50 750.36
262.00 694.10
262.50 708.17
263.00 683.02
263.50 655.45
264.00 739.13
264.50 694.01
265.00 589.51
265.50 821.70
266.00 686.08
266.50 705.26
267.00 725.93
267.50 664.57
268.00 721.80
268.50 757.31
269.00 727.96
269.50 706.15
270.00 710.71
270.50 721.61
271.00 792.57
271.50 733.11
272.00 708.45
272.50 664.58
273.00 823.78
273.50 781.77
274.00 825.08
274.50 866.85
275.00 878.62
275.50 781.41
276.00 761.11
276.50 709.65
277.00 730.76
277.50 698.94
278.00 458.57
278.50 707.15
279.00 786.84
279.50 781.60
280.00 735.55
280.50 714.12
281.00 721.87
281.50 690.06
282.00 820.60
282.50 726.82
283.00 671.44
283.50 801.97
284.00 838.70
284.50 821.66
285.00 229.31
285.50 573.20
286.00 708.74
286.50 705.09
287.00 697.88
287.50 764.73
288.00 886.59
288.50 900.00
289.00 680.62
289.50 642.11
290.00 573.05
290.50 740.83
291.00 686.18
291.50 476.01
292.00 828.89
292.50 728.07
293.00 684.71
293.50 709.89
294.00 409.85
294.50 448.84
295.00 722.89
295.50 767.89
296.00 900.00
296.50 721.45
297.00 669.92
297.50 88.66
298.00 605.14
298.50 668.26
299.00 648.38
299.50 694.06
