0.00 776.99
0.50 842.18
1.00 823.06
1.50 822.61
2.00 94.15
2.50 638.87
3.00 356.45
3.50 732.71
4.00 707.83
4.50 777.16
5.00 173.49
5.50 662.65
6.00 730.81
6.50 743.56
7.00 789.08
7.50 360.62
8.00 542.33
8.50 474.76
9.00 774.69
9.50 44.62
10.00 504.43
10.50 201.35
11.00 106.31
11.50 0.00
12.00 139.49
12.50 137.85
13.00 86.29
13.50 0.00
14.00 0.01
14.50 0.00
15.00 190.39
15.50 0.00
16.00 0.00
16.50 179.58
17.00 576.93
17.50 765.06
18.00 872.09
18.50 379.87
19.00 444.09
19.50 729.00
20.00 749.36
20.50 59.70
21.00 0.00
21.50 0.01
22.00 0.01
22.50 0.00
23.00 0.00
23.50 28.31
24.00 67.97
24.50 89.51
25.00 691.17
25.50 181.11
26.00 205.44
26.50 78.29
27.00 0.00
27.50 316.79
28.00 98.03
28.50 36.66
29.00 155.03
29.50 0.00
30.00 318.04
30.50 378.55
31.00 835.39
31.50 838.52
32.00 697.65
32.50 823.41
33.00 722.09
33.50 748.20
34.00 670.22
34.50 297.22
35.00 846.28
35.50 539.38
36.00 0.00
36.50 517.14
37.00 538.40
37.50 507.55
38.00 519.85
38.50 293.41
39.00 0.00
39.50 0.00
40.00 0.00
40.50 532.94
41.00 768.89
41.50 0.01
42.00 0.00
42.50 0.01
43.00 0.00
43.50 250.41
44.00 561.89
44.50 685.93
45.00 702.35
45.50 835.64
46.00 833.53
46.50 845.00
47.00 759.92
47.50 832.64
48.00 111.82
48.50 709.13
49.00 720.71
49.50 761.07
50.00 815.34
50.50 765.70
51.00 759.14
51.50 708.78
52.00 679.96
52.50 718.88
53.00 746.62
53.50 740.99
54.00 749.89
54.50 761.51
55.00 763.85
55.50 702.29
56.00 748.57
56.50 697.85
57.00 775.65
57.50 662.06
58.00 755.52
58.50 740.60
59.00 734.35
59.50 730.59
60.00 734.76
60.50 738.38
61.00 728.08
61.50 709.87
62.00 723.30
62.50 782.06
63.00 751.42
63.50 716.77
64.00 711.79
64.50 766.64
65.00 757.29
65.50 740.18
66.00 746.00
66.50 605.88
67.00 709.77
67.50 758.68
68.00 712.20
68.50 709.69
69.00 757.02
69.50 634.54
70.00 717.53
70.50 685.40
71.00 779.35
71.50 699.44
72.00 703.73
72.50 887.89
73.00 793.98
73.50 671.48
74.00 736.86
74.50 715.04
75.00 718.11
75.50 699.70
76.00 748.42
76.50 754.30
77.00 662.95
77.50 772.49
78.00 758.14
78.50 715.42
79.00 775.77
79.50 686.37
80.00 825.25
80.50 858.34
81.00 873.49
81.50 734.21
82.00 740.86
82.50 0.00
83.00 0.00
83.50 0.00
84.00 80.85
84.50 428.84
85.00 739.23
85.50 690.71
86.00 705.36
86.50 749.80
87.00 710.31
87.50 484.90
88.00 765.14
88.50 786.27
89.00 508.01
89.50 704.56
90.00 799.00
90.50 757.05
91.00 27.35
91.50 844.13
92.00 714.96
92.50 716.89
93.00 683.77
93.50 483.82
94.00 33.39
94.50 0.01
95.00 0.00
95.50 792.65
96.00 558.92
96.50 583.21
97.00 751.25
97.50 462.67
98.00 464.64
98.50 0.00
99.00 638.86
99.50 717.00
100.00 694.61
100.50 705.72
101.00 747.59
101.50 109.16
102.00 0.01
102.50 0.00
103.00 0.00
103.50 0.01
104.00 455.27
104.50 558.40
105.00 900.00
105.50 533.20
106.00 0.00
106.50 128.27
107.00 40.31
107.50 140.24
108.00 176.50
108.50 55.90
109.00 49.75
109.50 0.00
110.00 548.53
110.50 685.67
111.00 742.83
111.50 735.90
112.00 747.61
112.50 702.32
113.00 872.12
113.50 835.53
114.00 835.27
114.50 840.10
115.00 73.89
115.50 563.09
116.00 853.80
116.50 844.69
117.00 857.40
117.50 826.56
118.00 829.46
118.50 336.35
119.00 713.52
119.50 777.41
120.00 724.35
120.50 735.58
121.00 751.67
121.50 705.69
122.00 756.04
122.50 714.02
123.00 708.03
123.50 806.75
124.00 720.51
124.50 743.07
125.00 728.37
125.50 689.15
126.00 729.51
126.50 729.94
127.00 718.25
127.50 732.39
128.00 762.11
128.50 116.25
129.00 93.46
129.50 448.82
130.00 692.47
130.50 758.44
131.00 762.66
131.50 780.07
132.00 774.62
132.50 751.22
133.00 889.14
133.50 171.64
134.00 258.01
134.50 0.00
135.00 257.97
135.50 0.00
136.00 0.00
136.50 249.06
137.00 811.85
137.50 720.48
138.00 727.31
138.50 776.63
139.00 767.52
139.50 768.32
140.00 751.61
140.50 724.27
141.00 738.61
141.50 750.93
142.00 711.68
142.50 718.25
143.00 758.23
143.50 773.28
144.00 729.67
144.50 683.26
145.00 722.09
145.50 750.40
146.00 736.65
146.50 708.65
147.00 767.10
147.50 751.43
148.00 710.97
148.50 723.86
149.00 732.81
149.50 784.56
150.00 718.84
150.50 762.11
151.00 664.41
151.50 750.47
152.00 696.64
152.50 774.34
153.00 785.92
153.50 725.90
154.00 731.35
154.50 692.19
155.00 754.74
155.50 709.54
156.00 720.91
156.50 766.13
157.00 705.77
157.50 696.48
158.00 725.35
158.50 701.23
159.00 717.73
159.50 715.22
160.00 762.43
160.50 689.89
161.00 699.94
161.50 717.86
162.00 720.61
162.50 718.97
163.00 726.34
163.50 715.92
164.00 712.10
164.50 731.13
165.00 724.23
165.50 757.35
166.00 742.57
166.50 740.61
167.00 748.20
167.50 753.50
168.00 737.84
168.50 804.21
169.00 699.95
169.50 762.36
170.00 708.94
170.50 773.96
171.00 710.53
171.50 762.22
172.00 782.68
172.50 768.73
173.00 728.87
173.50 679.26
174.00 773.50
174.50 729.04
175.00 683.09
175.50 765.02
176.00 740.42
176.50 759.43
177.00 753.98
177.50 723.60
178.00 710.77
178.50 734.97
179.00 739.05
179.50 730.87
180.00 828.63
180.50 714.52
181.00 721.75
181.50 581.78
182.00 815.68
182.50 719.21
183.00 725.16
183.50 724.18
184.00 740.73
184.50 759.59
185.00 714.08
185.50 704.43
186.00 751.37
186.50 755.99
187.00 768.77
187.50 712.07
188.00 691.88
188.50 735.26
189.00 738.50
189.50 742.22
190.00 778.09
190.50 698.20
191.00 724.39
191.50 756.07
192.00 748.00
192.50 688.62
193.00 725.86
193.50 738.20
194.00 718.40
194.50 726.30
195.00 715.49
195.50 760.15
196.00 703.78
196.50 730.69
197.00 719.12
197.50 728.66
198.00 728.87
198.50 766.79
199.00 740.85
199.50 760.53
200.00 723.07
200.50 744.88
201.00 781.96
201.50 741.68
202.00 740.42
202.50 699.35
203.00 725.95
203.50 716.28
204.00 766.70
204.50 724.19
205.00 742.08
205.50 718.71
206.00 718.77
206.50 715.64
207.00 749.00
207.50 748.56
208.00 743.59
208.50 774.11
209.00 738.62
209.50 705.09
210.00 701.39
210.50 743.43
211.00 696.29
211.50 718.18
212.00 685.55
212.50 742.60
213.00 738.17
213.50 712.16
214.00 710.36
214.50 714.33
215.00 709.52
215.50 773.02
216.00 731.59
216.50 757.85
217.00 700.05
217.50 718.45
218.00 769.44
218.50 712.53
219.00 757.11
219.50 750.55
220.00 751.49
220.50 737.10
221.00 785.65
221.50 724.02
222.00 797.54
222.50 772.61
223.00 760.94
223.50 744.21
224.00 753.61
224.50 739.40
225.00 739.88
225.50 786.92
226.00 746.42
226.50 728.70
227.00 732.50
227.50 706.95
228.00 676.16
228.50 746.94
229.00 744.00
229.50 719.34
230.00 682.11
230.50 694.30
231.00 735.32
231.50 710.72
232.00 694.74
232.50 697.29
233.00 722.03
233.50 720.09
234.00 777.79
234.50 746.65
235.00 736.27
235.50 654.04
236.00 704.93
236.50 760.91
237.00 701.09
237.50 847.08
238.00 814.77
238.50 723.56
239.00 664.44
239.50 558.32
240.00 823.94
240.50 790.49
241.00 742.71
241.50 712.03
242.00 674.23
242.50 733.62
243.00 875.72
243.50 693.77
244.00 714.93
244.50 770.71
245.00 844.45
245.50 742.63
246.00 694.64
246.50 712.07
247.00 696.31
247.50 731.33
248.00 777.33
248.50 749.04
249.00 820.05
249.50 788.49
250.00 727.89
250.50 718.05
251.00 422.35
251.50 511.04
252.00 670.07
252.50 780.97
253.00 713.39
253.50 740.80
254.00 762.51
254.50 834.24
255.00 848.17
255.50 900.00
256.00 782.68
256.50 707.17
257.00 842.41
257.50 615.09
258.00 707.66
258.50 845.69
259.00 759.41
259.50 711.68
260.00 736.05
260.50 737.23
261.00 676.99
261.50 727.39
262.00 714.27
262.50 736.27
263.00 208.86
263.50 614.55
264.00 677.32
264.50 731.77
265.00 731.26
265.50 781.40
266.00 843.33
266.50 695.32
267.00 719.48
267.50 704.61
268.00 717.91
268.50 731.84
269.00 775.70
269.50 812.00
270.00 649.32
270.50 745.12
271.00 872.56
271.50 759.49
272.00 737.17
272.50 698.81
273.00 736.31
273.50 700.11
274.00 685.74
274.50 721.15
275.00 706.67
275.50 762.83
276.00 498.62
276.50 582.11
277.00 678.35
277.50 751.25
278.00 752.80
278.50 748.11
279.00 536.98
279.50 673.14
280.00 721.60
280.50 698.74
281.00 701.81
281.50 652.54
282.00 836.49
282.50 727.29
283.00 725.13
283.50 511.14
284.00 730.09
284.50 808.97
285.00 713.70
285.50 704.51
286.00 619.63
286.50 714.84
287.00 778.98
287.50 717.69
288.00 776.10
288.50 723.86
289.00 782.72
289.50 823.11
290.00 809.29
290.50 738.05
291.00 706.63
291.50 821.08
292.00 755.69
292.50 698.37
293.00 679.63
293.50 648.86
294.00 705.02
294.50 774.56
295.00 778.07
295.50 772.44
296.00 637.27
296.50 684.78
297.00 769.07
297.50 700.70
298.00 682.25
298.50 689.99
299.00 712.90
299.50 675.45
