0.00 432.33
0.50 440.27
1.00 451.71
1.50 698.40
2.00 443.14
2.50 124.60
3.00 0.00
3.50 0.01
4.00 0.00
4.50 0.00
5.00 1.06
5.50 759.50
6.00 736.75
6.50 717.16
7.00 772.17
7.50 745.38
8.00 0.00
8.50 125.09
9.00 443.21
9.50 23.46
10.00 69.21
10.50 487.39
11.00 765.41
11.50 775.43
12.00 716.83
12.50 719.36
13.00 759.44
13.50 675.05
14.00 684.36
14.50 748.01
15.00 708.34
15.50 721.21
16.00 715.54
16.50 722.33
17.00 724.16
17.50 716.07
18.00 701.37
18.50 726.37
19.00 724.35
19.50 735.40
20.00 705.10
20.50 775.40
21.00 709.33
21.50 789.08
22.00 730.98
22.50 672.41
23.00 704.59
23.50 688.67
24.00 824.77
24.50 717.39
25.00 776.16
25.50 737.82
26.00 733.76
26.50 740.92
27.00 768.93
27.50 783.51
28.00 748.15
28.50 742.28
29.00 737.19
29.50 771.96
30.00 739.49
30.50 758.17
31.00 743.13
31.50 730.44
32.00 713.34
32.50 739.95
33.00 743.04
33.50 719.16
34.00 712.08
34.50 715.20
35.00 698.99
35.50 736.57
36.00 714.75
36.50 707.57
37.00 722.94
37.50 745.47
38.00 725.63
38.50 762.32
39.00 767.22
39.50 680.03
40.00 747.85
40.50 701.53
41.00 702.93
41.50 712.03
42.00 729.50
42.50 734.49
43.00 698.95
43.50 761.20
44.00 758.79
44.50 802.11
45.00 731.20
45.50 713.38
46.00 783.36
46.50 749.01
47.00 761.03
47.50 699.69
48.00 697.40
48.50 711.35
49.00 698.22
49.50 748.85
50.00 754.83
50.50 712.07
51.00 719.05
51.50 756.61
52.00 746.69
52.50 749.53
53.00 742.75
53.50 705.19
54.00 751.51
54.50 774.37
55.00 692.54
55.50 760.06
56.00 764.05
56.50 718.97
57.00 749.29
57.50 755.19
58.00 722.38
58.50 697.37
59.00 736.92
59.50 706.91
60.00 765.58
60.50 721.49
61.00 704.67
61.50 720.30
62.00 755.71
62.50 719.33
63.00 711.19
63.50 739.22
64.00 701.45
64.50 811.49
65.00 752.11
65.50 705.27
66.00 895.80
66.50 824.39
67.00 683.63
67.50 525.27
68.00 698.64
68.50 689.73
69.00 703.40
69.50 673.54
70.00 727.82
70.50 657.33
71.00 746.48
71.50 707.74
72.00 697.29
72.50 646.85
73.00 723.96
73.50 670.86
74.00 695.76
74.50 833.58
75.00 721.87
75.50 711.12
76.00 709.96
76.50 691.75
77.00 755.60
77.50 790.83
78.00 782.66
78.50 722.46
79.00 781.17
79.50 828.97
80.00 711.59
80.50 771.38
81.00 830.89
81.50 759.23
82.00 717.56
82.50 722.77
83.00 378.14
83.50 607.08
84.00 713.94
84.50 790.83
85.00 754.67
85.50 704.85
86.00 726.52
86.50 768.44
87.00 900.00
87.50 769.89
88.00 786.09
88.50 816.38
89.00 636.39
89.50 791.42
90.00 735.68
90.50 868.09
91.00 782.94
91.50 713.43
92.00 673.38
92.50 699.43
93.00 842.33
93.50 792.96
94.00 794.17
94.50 708.45
95.00 882.10
95.50 313.21
96.00 723.06
96.50 692.83
97.00 732.11
97.50 701.48
98.00 831.04
98.50 701.16
99.00 819.91
99.50 708.26
100.00 476.61
100.50 604.06
101.00 717.68
101.50 724.63
102.00 856.54
102.50 718.09
103.00 687.31
103.50 383.98
104.00 732.51
104.50 645.61
105.00 703.58
105.50 722.72
106.00 689.04
106.50 710.26
107.00 708.57
107.50 706.23
108.00 670.55
108.50 709.26
109.00 704.07
109.50 703.58
110.00 746.15
110.50 819.94
111.00 767.53
111.50 729.52
112.00 714.38
112.50 799.00
113.00 713.91
113.50 809.42
114.00 771.87
114.50 438.09
115.00 560.20
115.50 738.61
116.00 704.60
116.50 855.64
117.00 724.64
117.50 697.51
118.00 226.86
118.50 714.08
119.00 735.67
119.50 863.55
120.00 684.39
120.50 826.94
121.00 740.84
121.50 868.34
122.00 722.56
122.50 735.68
123.00 580.85
123.50 778.63
124.00 688.96
124.50 701.43
125.00 702.62
125.50 880.09
126.00 769.55
126.50 429.81
127.00 693.37
127.50 738.64
128.00 708.60
128.50 686.61
129.00 771.33
129.50 682.85
130.00 699.17
130.50 700.35
131.00 718.48
131.50 775.64
132.00 298.09
132.50 550.28
133.00 683.13
133.50 557.16
134.00 711.04
134.50 716.74
135.00 839.15
135.50 810.30
136.00 787.10
136.50 720.17
137.00 714.37
137.50 795.87
138.00 697.85
138.50 619.99
139.00 759.65
139.50 688.16
140.00 825.49
140.50 705.74
141.00 753.63
141.50 694.40
142.00 715.71
142.50 851.37
143.00 660.35
143.50 731.42
144.00 736.71
144.50 687.20
145.00 704.44
145.50 697.19
146.00 784.65
146.50 787.90
147.00 731.27
147.50 671.57
148.00 668.34
148.50 679.44
149.00 730.66
149.50 866.56
150.00 724.57
150.50 717.38
151.00 802.41
151.50 760.51
152.00 715.85
152.50 716.62
153.00 732.45
153.50 728.39
154.00 779.20
154.50 800.20
155.00 627.10
155.50 759.22
156.00 694.08
156.50 711.48
157.00 841.63
157.50 861.72
158.00 756.31
158.50 736.62
159.00 702.86
159.50 733.29
160.00 709.16
160.50 224.99
161.00 557.78
161.50 826.16
162.00 888.30
162.50 713.92
163.00 886.31
163.50 690.77
164.00 712.64
164.50 758.05
165.00 725.68
165.50 804.39
166.00 900.00
166.50 681.93
167.00 528.32
167.50 709.85
168.00 772.86
168.50 699.90
169.00 703.65
169.50 720.03
170.00 793.07
170.50 716.62
171.00 730.93
171.50 0.01
172.00 0.00
172.50 0.00
173.00 593.54
173.50 503.32
174.00 0.01
174.50 0.00
175.00 0.00
175.50 0.00
176.00 363.64
176.50 864.89
177.00 850.59
177.50 847.20
178.00 831.01
178.50 59.77
179.00 0.00
179.50 57.69
180.00 139.63
180.50 36.78
181.00 125.49
181.50 847.58
182.00 843.61
182.50 865.95
183.00 866.39
183.50 835.66
184.00 823.33
184.50 0.00
185.00 0.00
185.50 0.00
186.00 648.29
186.50 0.00
187.00 245.94
187.50 32.12
188.00 778.37
188.50 698.51
189.00 827.43
189.50 853.46
190.00 822.68
190.50 860.44
191.00 822.45
191.50 849.33
192.00 884.09
192.50 681.71
193.00 678.68
193.50 692.71
194.00 687.97
194.50 881.01
195.00 786.20
195.50 816.01
196.00 816.30
196.50 719.83
197.00 711.60
197.50 697.60
198.00 783.60
198.50 791.55
199.00 681.65
199.50 741.51
200.00 674.00
200.50 809.11
201.00 609.71
201.50 771.10
202.00 728.95
202.50 809.40
203.00 803.36
203.50 704.54
204.00 828.07
204.50 694.26
205.00 704.97
205.50 847.13
206.00 713.26
206.50 701.26
207.00 757.80
207.50 573.08
208.00 532.84
208.50 762.27
209.00 819.61
209.50 836.73
210.00 767.06
210.50 734.09
211.00 502.51
211.50 703.03
212.00 437.57
212.50 634.47
213.00 893.90
213.50 800.58
214.00 682.62
214.50 821.24
215.00 857.86
215.50 850.94
216.00 837.79
216.50 839.30
217.00 873.80
217.50 845.52
218.00 871.97
218.50 832.13
219.00 240.04
219.50 396.51
220.00 334.70
220.50 772.86
221.00 870.32
221.50 821.59
222.00 807.38
222.50 840.81
223.00 842.11
223.50 844.31
224.00 706.55
224.50 748.88
225.00 0.00
225.50 174.82
226.00 739.66
226.50 459.19
227.00 751.97
227.50 716.65
228.00 806.18
228.50 724.79
229.00 819.00
229.50 250.43
230.00 45.87
230.50 156.97
231.00 517.62
231.50 688.53
232.00 736.35
232.50 676.24
233.00 0.00
233.50 0.01
234.00 0.02
234.50 0.00
235.00 0.00
235.50 93.14
236.00 612.90
236.50 111.54
237.00 152.94
237.50 447.84
238.00 570.35
238.50 710.17
239.00 0.00
239.50 0.00
240.00 642.31
240.50 687.43
241.00 884.69
241.50 740.35
242.00 743.58
242.50 752.71
243.00 831.73
243.50 764.90
244.00 723.92
244.50 758.83
245.00 759.84
245.50 713.87
246.00 713.68
246.50 707.72
247.00 841.21
247.50 848.45
248.00 813.27
248.50 831.44
249.00 831.54
249.50 841.69
250.00 666.66
250.50 674.03
251.00 0.00
251.50 0.00
252.00 0.04
252.50 0.00
253.00 0.00
253.50 0.01
254.00 900.00
254.50 97.79
255.00 398.26
255.50 809.73
256.00 828.53
256.50 696.51
257.00 686.30
257.50 726.19
258.00 829.21
258.50 857.50
259.00 845.63
259.50 860.18
260.00 781.20
260.50 837.39
261.00 855.40
261.50 818.70
262.00 832.33
262.50 783.95
263.00 0.00
263.50 0.00
264.00 463.39
264.50 732.43
265.00 728.01
265.50 749.12
266.00 764.39
266.50 777.19
267.00 814.97
267.50 833.45
268.00 701.61
268.50 716.35
269.00 743.26
269.50 372.85
270.00 744.21
270.50 403.00
271.00 732.36
271.50 745.04
272.00 688.37
272.50 797.75
273.00 719.33
273.50 90.35
274.00 3.07
274.50 135.02
275.00 0.00
275.50 766.18
276.00 831.63
276.50 520.68
277.00 525.85
277.50 688.48
278.00 584.79
278.50 675.52
279.00 0.00
279.50 540.94
280.00 733.03
280.50 817.55
281.00 838.87
281.50 825.38
282.00 491.61
282.50 728.85
283.00 794.56
283.50 713.27
284.00 89.01
284.50 181.75
285.00 661.16
285.50 0.00
286.00 406.97
286.50 736.11
287.00 836.83
287.50 747.98
288.00 715.36
288.50 721.35
289.00 843.28
289.50 748.93
290.00 716.91
290.50 718.77
291.00 749.41
291.50 732.37
292.00 737.64
292.50 750.48
293.00 719.95
293.50 719.17
294.00 712.82
294.50 742.38
295.00 760.32
295.50 717.68
296.00 680.24
296.50 751.65
297.00 797.21
297.50 753.32
298.00 701.66
298.50 731.15
299.00 724.04
299.50 754.79
