0.00 861.99
0.50 833.56
1.00 882.20
1.50 804.42
2.00 864.31
2.50 785.62
3.00 837.21
3.50 851.05
4.00 635.14
4.50 363.80
5.00 444.64
5.50 261.68
6.00 161.04
6.50 104.95
7.00 0.01
7.50 41.12
8.00 163.77
8.50 0.01
9.00 0.00
9.50 0.02
10.00 0.00
10.50 192.00
11.00 5.23
11.50 683.51
12.00 158.73
12.50 147.59
13.00 0.00
13.50 376.41
14.00 799.50
14.50 827.57
15.00 855.11
15.50 752.00
16.00 746.90
16.50 749.92
17.00 720.69
17.50 761.28
18.00 759.84
18.50 729.88
19.00 736.11
19.50 733.17
20.00 724.55
20.50 786.59
21.00 744.45
21.50 826.53
22.00 739.17
22.50 704.67
23.00 711.41
23.50 714.28
24.00 703.35
24.50 303.55
25.00 451.63
25.50 753.31
26.00 848.76
26.50 672.21
27.00 780.72
27.50 745.12
28.00 731.03
28.50 709.03
29.00 730.12
29.50 885.50
30.00 798.61
30.50 688.72
31.00 701.42
31.50 705.04
32.00 709.79
32.50 725.12
33.00 714.16
33.50 766.97
34.00 751.34
34.50 900.00
35.00 726.30
35.50 700.74
36.00 739.73
36.50 705.38
37.00 869.47
37.50 785.39
38.00 729.31
38.50 698.38
39.00 754.99
39.50 758.42
40.00 816.35
40.50 799.41
41.00 811.28
41.50 724.24
42.00 696.88
42.50 740.47
43.00 713.40
43.50 724.18
44.00 714.99
44.50 291.16
45.00 709.89
45.50 715.94
46.00 785.84
46.50 784.18
47.00 722.15
47.50 708.01
48.00 695.74
48.50 752.01
49.00 655.53
49.50 753.07
50.00 736.72
50.50 707.97
51.00 549.09
51.50 717.48
52.00 866.40
52.50 696.49
53.00 724.13
53.50 233.35
54.00 758.24
54.50 745.66
55.00 727.10
55.50 723.60
56.00 879.78
56.50 718.10
57.00 693.87
57.50 703.03
58.00 701.49
58.50 707.59
59.00 818.73
59.50 778.78
60.00 883.02
60.50 480.19
61.00 656.64
61.50 733.43
62.00 693.21
62.50 763.81
63.00 750.99
63.50 720.19
64.00 591.53
64.50 574.94
65.00 798.07
65.50 702.03
66.00 676.14
66.50 655.08
67.00 447.68
67.50 583.27
68.00 714.13
68.50 678.99
69.00 731.42
69.50 379.96
70.00 769.88
70.50 740.54
71.00 610.16
71.50 707.16
72.00 696.69
72.50 721.31
73.00 641.02
73.50 703.83
74.00 796.74
74.50 712.04
75.00 746.98
75.50 900.00
76.00 681.99
76.50 726.98
77.00 740.38
77.50 711.38
78.00 782.28
78.50 801.79
79.00 774.12
79.50 800.04
80.00 703.85
80.50 844.95
81.00 728.05
81.50 686.29
82.00 727.29
82.50 868.35
83.00 682.22
83.50 721.90
84.00 677.37
84.50 815.26
85.00 776.48
85.50 813.63
86.00 755.65
86.50 748.91
87.00 699.45
87.50 801.27
88.00 706.43
88.50 772.02
89.00 794.57
89.50 748.38
90.00 715.17
90.50 796.82
91.00 703.44
91.50 790.80
92.00 54.03
92.50 843.40
93.00 620.68
93.50 809.16
94.00 747.31
94.50 722.73
95.00 661.57
95.50 725.23
96.00 733.45
96.50 716.43
97.00 633.64
97.50 695.87
98.00 803.05
98.50 899.75
99.00 713.92
99.50 457.08
100.00 715.36
100.50 655.41
101.00 755.72
101.50 722.26
102.00 715.60
102.50 236.02
103.00 595.29
103.50 713.92
104.00 722.98
104.50 733.26
105.00 844.19
105.50 799.71
106.00 651.41
106.50 717.50
107.00 695.60
107.50 471.57
108.00 683.89
108.50 689.99
109.00 661.95
109.50 725.87
110.00 710.14
110.50 737.61
111.00 144.92
111.50 581.87
112.00 722.16
112.50 711.12
113.00 778.15
113.50 725.02
114.00 721.99
114.50 714.50
115.00 656.26
115.50 697.27
116.00 727.83
116.50 653.26
117.00 702.72
117.50 713.81
118.00 710.55
118.50 709.75
119.00 667.73
119.50 722.85
120.00 712.34
120.50 689.47
121.00 820.39
121.50 696.11
122.00 704.99
122.50 710.98
123.00 727.91
123.50 776.45
124.00 840.53
124.50 703.25
125.00 789.80
125.50 508.19
126.00 701.29
126.50 712.42
127.00 652.94
127.50 670.67
128.00 760.71
128.50 307.07
129.00 605.20
129.50 683.70
130.00 856.87
130.50 713.30
131.00 728.05
131.50 687.12
132.00 723.81
132.50 771.11
133.00 740.39
133.50 795.32
134.00 719.62
134.50 761.58
135.00 720.86
135.50 900.00
136.00 695.03
136.50 717.25
137.00 485.01
137.50 690.33
138.00 723.11
138.50 751.24
139.00 790.44
139.50 781.74
140.00 679.76
140.50 693.88
141.00 690.94
141.50 681.85
142.00 685.45
142.50 681.02
143.00 756.68
143.50 718.79
144.00 695.78
144.50 814.55
145.00 744.99
145.50 701.08
146.00 698.91
146.50 672.96
147.00 730.54
147.50 746.57
148.00 706.22
148.50 702.42
149.00 827.10
149.50 804.97
150.00 741.05
150.50 690.86
151.00 828.35
151.50 752.24
152.00 832.83
152.50 742.10
153.00 831.57
153.50 703.26
154.00 803.67
154.50 761.69
155.00 739.49
155.50 777.33
156.00 721.51
156.50 837.14
157.00 668.64
157.50 816.90
158.00 838.39
158.50 832.98
159.00 846.23
159.50 900.00
160.00 507.99
160.50 816.55
161.00 714.91
161.50 691.63
162.00 725.41
162.50 463.09
163.00 523.40
163.50 691.36
164.00 309.37
164.50 607.39
165.00 824.13
165.50 749.56
166.00 739.30
166.50 742.02
167.00 686.65
167.50 644.83
168.00 674.88
168.50 709.37
169.00 811.89
169.50 711.19
170.00 708.53
170.50 733.01
171.00 751.85
171.50 811.83
172.00 718.91
172.50 731.09
173.00 687.71
173.50 697.18
174.00 759.44
174.50 730.27
175.00 842.11
175.50 752.67
176.00 708.47
176.50 857.11
177.00 705.67
177.50 732.33
178.00 848.34
178.50 709.88
179.00 708.21
179.50 693.84
180.00 699.16
180.50 443.41
181.00 203.22
181.50 674.96
182.00 708.39
182.50 900.00
183.00 726.30
183.50 604.78
184.00 829.82
184.50 792.96
185.00 703.95
185.50 686.45
186.00 697.64
186.50 698.43
187.00 704.69
187.50 737.90
188.00 866.53
188.50 825.10
189.00 695.42
189.50 803.74
190.00 751.13
190.50 718.57
191.00 763.08
191.50 767.88
192.00 723.15
192.50 749.93
193.00 702.00
193.50 746.99
194.00 706.22
194.50 751.94
195.00 750.54
195.50 690.76
196.00 728.97
196.50 749.58
197.00 742.15
197.50 740.57
198.00 729.77
198.50 772.57
199.00 718.50
199.50 728.45
200.00 790.41
200.50 757.00
201.00 719.63
201.50 739.16
202.00 746.80
202.50 747.14
203.00 718.63
203.50 762.63
204.00 737.97
204.50 720.41
205.00 703.76
205.50 681.71
206.00 729.88
206.50 786.31
207.00 726.76
207.50 789.25
208.00 799.02
208.50 713.51
209.00 789.65
209.50 739.51
210.00 787.51
210.50 727.47
211.00 751.19
211.50 806.63
212.00 797.03
212.50 732.33
213.00 747.57
213.50 706.33
214.00 763.18
214.50 666.41
215.00 710.96
215.50 740.41
216.00 661.31
216.50 765.08
217.00 722.02
217.50 730.55
218.00 695.92
218.50 714.84
219.00 711.21
219.50 733.08
220.00 741.43
220.50 713.41
221.00 790.21
221.50 698.56
222.00 766.83
222.50 773.42
223.00 688.50
223.50 672.17
224.00 738.69
224.50 743.81
225.00 723.95
225.50 724.02
226.00 702.06
226.50 691.70
227.00 744.10
227.50 731.00
228.00 692.99
228.50 748.91
229.00 736.51
229.50 787.73
230.00 717.37
230.50 824.84
231.00 91.47
231.50 0.00
232.00 0.00
232.50 468.35
233.00 541.97
233.50 158.92
234.00 0.00
234.50 0.00
235.00 0.00
235.50 223.99
236.00 0.01
236.50 381.72
237.00 834.42
237.50 755.72
238.00 117.60
238.50 0.00
239.00 516.39
239.50 177.91
240.00 70.62
240.50 713.05
241.00 765.77
241.50 531.13
242.00 770.36
242.50 735.97
243.00 753.74
243.50 577.85
244.00 839.97
244.50 879.49
245.00 721.36
245.50 729.71
246.00 701.90
246.50 330.68
247.00 563.50
247.50 723.64
248.00 710.21
248.50 753.55
249.00 771.88
249.50 773.80
250.00 692.56
250.50 687.59
251.00 738.75
251.50 94.55
252.00 506.04
252.50 853.53
253.00 743.00
253.50 832.29
254.00 632.39
254.50 0.00
255.00 696.97
255.50 702.01
256.00 796.09
256.50 767.71
257.00 700.20
257.50 689.80
258.00 762.92
258.50 858.00
259.00 738.34
259.50 711.07
260.00 815.85
260.50 710.93
261.00 701.66
261.50 673.43
262.00 691.30
262.50 880.09
263.00 611.42
263.50 576.83
264.00 874.15
264.50 707.70
265.00 771.20
265.50 711.06
266.00 714.82
266.50 498.20
267.00 705.41
267.50 871.54
268.00 728.73
268.50 783.60
269.00 814.94
269.50 824.81
270.00 838.09
270.50 64.22
271.00 34.01
271.50 565.04
272.00 590.43
272.50 678.51
273.00 757.95
273.50 838.53
274.00 831.39
274.50 814.75
275.00 857.15
275.50 745.05
276.00 839.72
276.50 844.94
277.00 828.55
277.50 123.35
278.00 16.97
278.50 527.98
279.00 709.06
279.50 729.92
280.00 824.94
280.50 859.62
281.00 863.04
281.50 797.34
282.00 849.13
282.50 827.77
283.00 780.38
283.50 733.35
284.00 774.59
284.50 169.53
285.00 198.87
285.50 142.35
286.00 0.00
286.50 0.00
287.00 697.38
287.50 797.82
288.00 741.87
288.50 715.10
289.00 698.60
289.50 809.42
290.00 856.18
290.50 742.31
291.00 815.45
291.50 692.54
292.00 900.00
292.50 700.31
293.00 652.24
293.50 698.12
294.00 731.18
294.50 740.85
295.00 694.36
295.50 800.37
296.00 712.70
296.50 803.62
297.00 766.06
297.50 823.64
298.00 783.65
298.50 864.20
299.00 748.10
299.50 706.62
