0.00 450.50
0.50 752.83
1.00 787.52
1.50 753.80
2.00 766.84
2.50 680.21
3.00 177.86
3.50 852.25
4.00 669.50
4.50 779.17
5.00 419.27
5.50 706.87
6.00 767.08
6.50 847.50
7.00 810.10
7.50 721.80
8.00 708.21
8.50 197.82
9.00 167.40
9.50 49.25
10.00 355.62
10.50 335.06
11.00 772.01
11.50 662.53
12.00 123.73
12.50 0.00
13.00 0.02
13.50 111.75
14.00 663.73
14.50 391.23
15.00 804.15
15.50 716.80
16.00 739.71
16.50 859.51
17.00 850.59
17.50 753.47
18.00 681.66
18.50 732.53
19.00 51.36
19.50 74.53
20.00 357.19
20.50 560.42
21.00 698.40
21.50 754.44
22.00 845.63
22.50 732.27
23.00 766.43
23.50 788.74
24.00 707.55
24.50 41.13
25.00 713.83
25.50 677.42
26.00 883.55
26.50 307.00
27.00 623.23
27.50 692.47
28.00 893.51
28.50 857.13
29.00 769.34
29.50 708.43
30.00 720.98
30.50 702.85
31.00 680.05
31.50 699.71
32.00 727.82
32.50 829.16
33.00 708.72
33.50 674.55
34.00 815.11
34.50 855.05
35.00 566.23
35.50 715.16
36.00 654.82
36.50 678.70
37.00 787.61
37.50 690.56
38.00 705.55
38.50 725.95
39.00 711.74
39.50 705.04
40.00 721.78
40.50 480.21
41.00 698.50
41.50 443.92
42.00 621.38
42.50 719.14
43.00 802.70
43.50 723.65
44.00 742.42
44.50 770.45
45.00 472.41
45.50 555.51
46.00 748.83
46.50 706.87
47.00 726.00
47.50 759.73
48.00 829.30
48.50 710.65
49.00 665.30
49.50 676.43
50.00 708.42
50.50 836.33
51.00 732.53
51.50 822.43
52.00 862.41
52.50 701.08
53.00 746.91
53.50 678.17
54.00 726.04
54.50 755.44
55.00 849.13
55.50 707.47
56.00 871.98
56.50 807.65
57.00 835.71
57.50 400.66
58.00 748.99
58.50 851.42
59.00 784.67
59.50 733.37
60.00 753.85
60.50 700.67
61.00 0.02
61.50 0.05
62.00 155.71
62.50 499.20
63.00 765.39
63.50 0.03
64.00 109.87
64.50 708.48
65.00 716.95
65.50 695.92
66.00 0.00
66.50 39.44
67.00 0.00
67.50 0.00
68.00 739.15
68.50 790.78
69.00 131.29
69.50 164.42
70.00 88.77
70.50 652.54
71.00 378.06
71.50 740.03
72.00 700.57
72.50 729.42
73.00 725.87
73.50 828.34
74.00 862.39
74.50 822.78
75.00 21.95
75.50 220.96
76.00 202.93
76.50 64.28
77.00 302.36
77.50 741.28
78.00 586.93
78.50 495.51
79.00 0.00
79.50 0.01
80.00 127.45
80.50 16.48
81.00 0.00
81.50 585.87
82.00 728.33
82.50 772.70
83.00 0.00
83.50 0.00
84.00 0.00
84.50 96.99
85.00 487.59
85.50 550.49
86.00 0.00
86.50 672.19
87.00 686.20
87.50 800.02
88.00 742.85
88.50 757.05
89.00 735.85
89.50 216.92
90.00 684.46
90.50 705.39
91.00 758.32
91.50 843.53
92.00 845.43
92.50 876.62
93.00 830.35
93.50 86.15
94.00 738.95
94.50 780.37
95.00 514.22
95.50 116.29
96.00 0.00
96.50 0.00
97.00 0.00
97.50 0.01
98.00 0.00
98.50 0.01
99.00 211.14
99.50 630.43
100.00 843.64
100.50 852.22
101.00 839.56
101.50 840.48
102.00 776.85
102.50 780.06
103.00 138.79
103.50 152.39
104.00 306.03
104.50 126.66
105.00 186.70
105.50 0.01
106.00 0.01
106.50 808.13
107.00 831.66
107.50 862.12
108.00 829.44
108.50 785.62
109.00 723.37
109.50 680.93
110.00 719.81
110.50 252.51
111.00 79.15
111.50 33.07
112.00 31.55
112.50 505.23
113.00 720.21
113.50 0.00
114.00 0.01
114.50 97.80
115.00 499.41
115.50 205.93
116.00 0.02
116.50 0.02
117.00 0.00
117.50 514.97
118.00 426.76
118.50 757.58
119.00 522.00
119.50 575.96
120.00 457.52
120.50 557.75
121.00 498.93
121.50 718.49
122.00 864.36
122.50 790.88
123.00 147.67
123.50 0.01
124.00 0.03
124.50 0.04
125.00 0.03
125.50 0.00
126.00 0.00
126.50 0.00
127.00 0.00
127.50 569.52
128.00 151.58
128.50 162.54
129.00 121.87
129.50 9.06
130.00 0.00
130.50 705.75
131.00 441.26
131.50 567.67
132.00 302.14
132.50 755.32
133.00 712.73
133.50 846.77
134.00 814.86
134.50 768.71
135.00 759.04
135.50 523.27
136.00 800.30
136.50 775.88
137.00 548.86
137.50 628.39
138.00 566.61
138.50 751.00
139.00 720.78
139.50 740.85
140.00 717.99
140.50 52.83
141.00 213.62
141.50 0.00
142.00 0.01
142.50 0.00
143.00 122.03
143.50 91.15
144.00 449.45
144.50 880.86
145.00 793.04
145.50 774.92
146.00 776.52
146.50 794.77
147.00 729.51
147.50 711.35
148.00 772.58
148.50 403.39
149.00 698.67
149.50 753.32
150.00 856.21
150.50 666.46
151.00 653.67
151.50 837.42
152.00 848.33
152.50 857.14
153.00 841.85
153.50 0.00
154.00 407.03
154.50 565.09
155.00 169.80
155.50 544.92
156.00 553.32
156.50 727.87
157.00 265.03
157.50 504.82
158.00 528.19
158.50 320.99
159.00 83.53
159.50 151.87
160.00 231.63
160.50 531.62
161.00 764.32
161.50 72.33
162.00 850.65
162.50 722.19
163.00 732.38
163.50 753.79
164.00 767.57
164.50 691.35
165.00 698.13
165.50 858.76
166.00 863.64
166.50 510.08
167.00 528.89
167.50 740.17
168.00 886.14
168.50 848.70
169.00 866.29
169.50 793.01
170.00 644.77
170.50 621.50
171.00 852.07
171.50 828.65
172.00 222.10
172.50 233.15
173.00 0.00
173.50 0.00
174.00 370.09
174.50 653.83
175.00 606.89
175.50 770.49
176.00 10.63
176.50 0.00
177.00 49.49
177.50 177.22
178.00 673.43
178.50 192.02
179.00 496.98
179.50 814.05
180.00 532.23
180.50 688.62
181.00 825.55
181.50 488.63
182.00 424.49
182.50 66.77
183.00 560.87
183.50 829.95
184.00 801.12
184.50 841.38
185.00 722.23
185.50 663.99
186.00 728.15
186.50 646.66
187.00 735.10
187.50 752.77
188.00 766.72
188.50 712.52
189.00 715.02
189.50 754.74
190.00 712.32
190.50 732.96
191.00 761.66
191.50 799.00
192.00 701.90
192.50 698.77
193.00 689.53
193.50 762.18
194.00 900.00
194.50 555.87
195.00 591.09
195.50 725.41
196.00 716.99
196.50 704.08
197.00 712.47
197.50 673.03
198.00 848.49
198.50 357.03
199.00 840.19
199.50 740.03
200.00 874.17
200.50 701.83
201.00 659.91
201.50 735.59
202.00 528.94
202.50 642.32
203.00 693.96
203.50 706.57
204.00 681.12
204.50 736.06
205.00 687.16
205.50 689.10
206.00 784.86
206.50 704.85
207.00 716.38
207.50 711.20
208.00 712.96
208.50 727.99
209.00 689.45
209.50 894.53
210.00 381.39
210.50 588.63
211.00 672.50
211.50 726.82
212.00 777.09
212.50 706.52
213.00 867.13
213.50 806.90
214.00 839.09
214.50 782.21
215.00 713.05
215.50 779.02
216.00 634.36
216.50 831.57
217.00 792.03
217.50 685.30
218.00 868.35
218.50 704.56
219.00 854.33
219.50 755.63
220.00 653.42
220.50 714.92
221.00 822.87
221.50 741.69
222.00 692.40
222.50 719.95
223.00 742.74
223.50 821.53
224.00 686.15
224.50 721.33
225.00 676.52
225.50 705.86
226.00 703.51
226.50 831.06
227.00 701.25
227.50 668.78
228.00 0.00
228.50 0.02
229.00 49.96
229.50 0.00
230.00 0.00
230.50 0.00
231.00 0.01
231.50 0.01
232.00 0.01
232.50 0.00
233.00 0.01
233.50 579.99
234.00 64.77
234.50 0.00
235.00 79.32
235.50 0.00
236.00 261.82
236.50 0.00
237.00 843.20
237.50 796.84
238.00 837.06
238.50 825.11
239.00 862.64
239.50 179.28
240.00 19.25
240.50 0.00
241.00 0.00
241.50 0.00
242.00 204.98
242.50 112.91
243.00 0.00
243.50 441.18
244.00 758.30
244.50 740.45
245.00 864.28
245.50 731.30
246.00 760.28
246.50 763.39
247.00 750.28
247.50 0.00
248.00 0.01
248.50 0.00
249.00 60.22
249.50 0.00
250.00 0.01
250.50 0.00
251.00 715.65
251.50 683.95
252.00 702.13
252.50 715.10
253.00 774.78
253.50 759.46
254.00 720.36
254.50 772.62
255.00 766.42
255.50 728.03
256.00 722.93
256.50 733.35
257.00 677.08
257.50 727.11
258.00 766.00
258.50 744.52
259.00 757.45
259.50 709.46
260.00 772.55
260.50 733.00
261.00 733.14
261.50 768.27
262.00 63.85
262.50 756.97
263.00 709.87
263.50 698.82
264.00 782.12
264.50 853.83
265.00 787.93
265.50 792.47
266.00 868.99
266.50 823.24
267.00 839.71
267.50 764.10
268.00 756.23
268.50 697.74
269.00 738.29
269.50 723.09
270.00 776.20
270.50 778.31
271.00 731.40
271.50 743.68
272.00 777.48
272.50 712.26
273.00 685.85
273.50 765.02
274.00 726.87
274.50 695.78
275.00 733.61
275.50 730.65
276.00 742.94
276.50 758.35
277.00 775.31
277.50 749.21
278.00 714.87
278.50 775.10
279.00 703.05
279.50 697.90
280.00 752.68
280.50 722.47
281.00 671.28
281.50 754.97
282.00 712.39
282.50 733.51
283.00 785.97
283.50 791.16
284.00 770.31
284.50 0.00
285.00 0.00
285.50 0.00
286.00 30.43
286.50 757.60
287.00 813.88
287.50 829.21
288.00 754.97
288.50 714.25
289.00 755.02
289.50 730.30
290.00 729.12
290.50 362.56
291.00 857.31
291.50 836.46
292.00 844.20
292.50 836.62
293.00 861.15
293.50 837.27
294.00 860.63
294.50 846.04
295.00 826.81
295.50 854.90
296.00 807.98
296.50 822.97
297.00 859.87
297.50 723.92
298.00 860.88
298.50 838.42
299.00 842.59
299.50 842.87
