0.00 845.05
0.50 828.12
1.00 852.11
1.50 798.99
2.00 845.19
2.50 0.02
3.00 474.96
3.50 486.35
4.00 170.98
4.50 0.00
5.00 0.00
5.50 0.00
6.00 0.55
6.50 723.98
7.00 765.65
7.50 760.69
8.00 817.39
8.50 795.99
9.00 746.16
9.50 734.13
10.00 730.05
10.50 709.95
11.00 720.02
11.50 749.40
12.00 747.42
12.50 722.40
13.00 730.96
13.50 730.49
14.00 763.27
14.50 745.42
15.00 719.59
15.50 723.17
16.00 749.60
16.50 703.19
17.00 693.59
17.50 772.13
18.00 761.02
18.50 707.81
19.00 708.32
19.50 681.55
20.00 690.86
20.50 742.11
21.00 741.40
21.50 741.64
22.00 768.43
22.50 698.46
23.00 700.12
23.50 746.99
24.00 722.69
24.50 778.61
25.00 744.20
25.50 780.77
26.00 693.48
26.50 775.69
27.00 761.06
27.50 731.66
28.00 720.03
28.50 707.69
29.00 700.18
29.50 732.86
30.00 724.40
30.50 712.90
31.00 699.98
31.50 749.69
32.00 721.79
32.50 733.07
33.00 228.01
33.50 668.34
34.00 729.44
34.50 722.24
35.00 681.59
35.50 693.46
36.00 563.21
36.50 651.12
37.00 746.93
37.50 0.00
38.00 0.02
38.50 0.00
39.00 0.00
39.50 0.00
40.00 768.16
40.50 721.68
41.00 734.78
41.50 753.65
42.00 0.00
42.50 0.00
43.00 0.00
43.50 0.00
44.00 0.00
44.50 0.00
45.00 0.00
45.50 0.00
46.00 147.63
46.50 0.01
47.00 109.24
47.50 79.49
48.00 61.06
48.50 340.47
49.00 579.69
49.50 796.27
50.00 739.40
50.50 834.45
51.00 748.40
51.50 793.87
52.00 836.49
52.50 855.12
53.00 697.32
53.50 467.85
54.00 619.33
54.50 737.94
55.00 745.62
55.50 761.99
56.00 766.71
56.50 849.73
57.00 818.30
57.50 860.81
58.00 717.65
58.50 688.56
59.00 766.17
59.50 755.57
60.00 763.81
60.50 711.38
61.00 714.46
61.50 554.61
62.00 29.47
62.50 45.97
63.00 702.90
63.50 35.11
64.00 0.02
64.50 0.02
65.00 711.47
65.50 833.97
66.00 844.89
66.50 810.68
67.00 829.77
67.50 0.00
68.00 683.84
68.50 547.77
69.00 58.61
69.50 379.09
70.00 631.34
70.50 542.52
71.00 46.12
71.50 0.00
72.00 533.56
72.50 790.49
73.00 72.50
73.50 521.56
74.00 577.83
74.50 622.33
75.00 0.00
75.50 0.00
76.00 0.00
76.50 0.01
77.00 0.02
77.50 654.41
78.00 681.75
78.50 751.12
79.00 707.22
79.50 748.83
80.00 720.52
80.50 761.68
81.00 734.74
81.50 629.31
82.00 784.27
82.50 727.64
83.00 772.01
83.50 776.19
84.00 776.53
84.50 740.70
85.00 759.28
85.50 33.65
86.00 4.48
86.50 178.80
87.00 0.01
87.50 715.54
88.00 809.91
88.50 900.00
89.00 543.55
89.50 461.26
90.00 785.14
90.50 766.37
91.00 792.06
91.50 719.65
92.00 706.46
92.50 730.18
93.00 721.95
93.50 762.07
94.00 728.32
94.50 775.77
95.00 716.29
95.50 734.03
96.00 669.48
96.50 792.74
97.00 747.60
97.50 735.88
98.00 738.75
98.50 632.22
99.00 674.90
99.50 741.14
100.00 826.09
100.50 801.79
101.00 835.08
101.50 654.93
102.00 638.43
102.50 709.82
103.00 741.09
103.50 694.55
104.00 734.06
104.50 878.50
105.00 705.43
105.50 714.95
106.00 679.38
106.50 700.13
107.00 771.86
107.50 699.11
108.00 782.01
108.50 754.65
109.00 765.80
109.50 721.61
110.00 747.23
110.50 736.07
111.00 340.22
111.50 648.25
112.00 823.15
112.50 723.47
113.00 828.65
113.50 828.81
114.00 695.66
114.50 815.33
115.00 735.47
115.50 713.70
116.00 859.79
116.50 804.67
117.00 784.73
117.50 741.68
118.00 716.22
118.50 844.18
119.00 741.26
119.50 869.23
120.00 756.25
120.50 814.37
121.00 739.10
121.50 700.85
122.00 697.94
122.50 706.32
123.00 701.40
123.50 676.74
124.00 727.86
124.50 740.91
125.00 693.79
125.50 771.91
126.00 826.24
126.50 664.06
127.00 682.08
127.50 742.70
128.00 771.25
128.50 744.99
129.00 845.40
129.50 788.53
130.00 868.77
130.50 718.01
131.00 707.11
131.50 734.72
132.00 775.97
132.50 848.92
133.00 744.23
133.50 716.54
134.00 688.64
134.50 774.81
135.00 763.85
135.50 807.73
136.00 816.63
136.50 711.89
137.00 823.62
137.50 701.32
138.00 693.54
138.50 497.06
139.00 725.80
139.50 755.07
140.00 735.29
140.50 707.05
141.00 695.97
141.50 0.01
142.00 0.00
142.50 0.00
143.00 0.00
143.50 0.00
144.00 498.66
144.50 171.77
145.00 4.97
145.50 0.00
146.00 699.23
146.50 0.00
147.00 677.08
147.50 758.88
148.00 718.04
148.50 690.95
149.00 729.15
149.50 722.70
150.00 837.74
150.50 0.00
151.00 626.77
151.50 711.73
152.00 719.94
152.50 776.15
153.00 690.77
153.50 752.08
154.00 733.31
154.50 725.85
155.00 734.51
155.50 755.69
156.00 718.52
156.50 761.31
157.00 792.09
157.50 726.36
158.00 710.84
158.50 698.65
159.00 700.34
159.50 722.06
160.00 749.24
160.50 722.72
161.00 696.45
161.50 735.29
162.00 735.23
162.50 680.52
163.00 748.36
163.50 741.47
164.00 671.84
164.50 731.15
165.00 721.55
165.50 711.91
166.00 748.86
166.50 713.86
167.00 717.72
167.50 774.52
168.00 713.27
168.50 792.08
169.00 741.07
169.50 734.07
170.00 729.61
170.50 752.13
171.00 780.79
171.50 683.03
172.00 745.97
172.50 774.15
173.00 738.12
173.50 748.03
174.00 743.41
174.50 724.18
175.00 677.65
175.50 727.20
176.00 726.67
176.50 740.62
177.00 695.97
177.50 781.68
178.00 715.34
178.50 804.57
179.00 734.93
179.50 718.22
180.00 693.14
180.50 715.91
181.00 731.63
181.50 785.57
182.00 744.88
182.50 723.81
183.00 697.29
183.50 727.17
184.00 658.78
184.50 739.19
185.00 596.26
185.50 706.27
186.00 161.71
186.50 619.15
187.00 734.85
187.50 699.07
188.00 701.57
188.50 812.18
189.00 661.99
189.50 574.58
190.00 704.83
190.50 709.65
191.00 709.14
191.50 771.80
192.00 672.38
192.50 860.11
193.00 818.92
193.50 739.80
194.00 744.21
194.50 661.22
195.00 570.81
195.50 849.40
196.00 803.40
196.50 769.94
197.00 900.00
197.50 682.36
198.00 702.09
198.50 718.36
199.00 756.25
199.50 688.50
200.00 764.30
200.50 694.93
201.00 729.26
201.50 752.52
202.00 734.92
202.50 848.94
203.00 760.95
203.50 714.98
204.00 633.61
204.50 693.04
205.00 691.89
205.50 683.17
206.00 762.95
206.50 702.93
207.00 781.43
207.50 701.73
208.00 705.21
208.50 792.83
209.00 752.13
209.50 774.67
210.00 680.04
210.50 704.13
211.00 396.31
211.50 620.86
212.00 679.50
212.50 674.29
213.00 732.08
213.50 808.43
214.00 683.99
214.50 689.26
215.00 709.49
215.50 714.62
216.00 900.00
216.50 107.14
217.00 48.58
217.50 0.01
218.00 0.04
218.50 645.78
219.00 793.74
219.50 804.76
220.00 815.00
220.50 184.97
221.00 698.69
221.50 756.44
222.00 699.65
222.50 389.74
223.00 651.38
223.50 718.38
224.00 713.28
224.50 683.58
225.00 680.38
225.50 694.85
226.00 860.44
226.50 841.84
227.00 849.95
227.50 851.00
228.00 816.51
228.50 814.61
229.00 540.80
229.50 506.59
230.00 365.15
230.50 21.85
231.00 0.00
231.50 217.77
232.00 489.11
232.50 108.45
233.00 0.00
233.50 872.32
234.00 840.90
234.50 669.74
235.00 416.94
235.50 119.76
236.00 92.67
236.50 0.00
237.00 0.00
237.50 429.88
238.00 25.63
238.50 442.59
239.00 531.74
239.50 402.71
240.00 775.54
240.50 753.59
241.00 790.60
241.50 778.90
242.00 854.65
242.50 803.44
243.00 851.45
243.50 733.46
244.00 126.74
244.50 162.42
245.00 512.59
245.50 395.36
246.00 721.77
246.50 813.27
247.00 0.03
247.50 689.88
248.00 714.77
248.50 565.27
249.00 703.39
249.50 724.29
250.00 739.98
250.50 746.43
251.00 99.75
251.50 178.01
252.00 134.51
252.50 423.90
253.00 361.78
253.50 858.97
254.00 842.74
254.50 855.27
255.00 792.67
255.50 802.95
256.00 769.14
256.50 735.97
257.00 708.31
257.50 349.19
258.00 711.13
258.50 748.95
259.00 733.01
259.50 757.38
260.00 846.13
260.50 832.36
261.00 825.95
261.50 820.40
262.00 724.45
262.50 532.36
263.00 814.77
263.50 857.08
264.00 836.68
264.50 831.91
265.00 837.05
265.50 831.53
266.00 856.73
266.50 817.98
267.00 832.82
267.50 0.00
268.00 0.00
268.50 0.00
269.00 514.42
269.50 753.28
270.00 651.17
270.50 723.48
271.00 800.39
271.50 779.40
272.00 0.00
272.50 3.52
273.00 96.90
273.50 0.00
274.00 0.00
274.50 0.02
275.00 0.02
275.50 0.03
276.00 719.54
276.50 760.26
277.00 757.69
277.50 17.15
278.00 91.82
278.50 195.70
279.00 656.60
279.50 797.35
280.00 16.57
280.50 430.18
281.00 511.90
281.50 790.33
282.00 880.36
282.50 827.65
283.00 841.74
283.50 882.50
284.00 856.90
284.50 832.20
285.00 813.04
285.50 841.34
286.00 861.31
286.50 851.83
287.00 850.71
287.50 859.09
288.00 830.88
288.50 768.02
289.00 161.43
289.50 741.07
290.00 725.31
290.50 730.68
291.00 717.19
291.50 722.64
292.00 720.73
292.50 751.37
293.00 0.03
293.50 0.04
294.00 431.01
294.50 475.70
295.00 707.53
295.50 825.81
296.00 786.44
296.50 751.92
297.00 739.79
297.50 848.45
298.00 827.21
298.50 860.55
299.00 778.80
299.50 178.83
