0.00 0.01
0.50 0.00
1.00 0.00
1.50 0.01
2.00 0.00
2.50 0.00
3.00 0.00
3.50 34.15
4.00 535.72
4.50 407.68
5.00 770.29
5.50 827.34
6.00 102.77
6.50 82.62
7.00 729.33
7.50 715.23
8.00 321.20
8.50 736.75
9.00 814.41
9.50 717.58
10.00 716.55
10.50 693.84
11.00 745.84
11.50 733.22
12.00 800.67
12.50 824.94
13.00 736.08
13.50 741.54
14.00 774.10
14.50 753.16
15.00 666.82
15.50 768.98
16.00 756.17
16.50 769.84
17.00 682.33
17.50 733.99
18.00 678.21
18.50 717.94
19.00 713.36
19.50 768.83
20.00 685.04
20.50 732.60
21.00 772.82
21.50 712.96
22.00 736.06
22.50 764.59
23.00 792.21
23.50 700.21
24.00 794.71
24.50 755.28
25.00 732.10
25.50 671.97
26.00 747.82
26.50 721.84
27.00 714.06
27.50 795.95
28.00 712.72
28.50 759.03
29.00 746.55
29.50 704.55
30.00 695.87
30.50 711.42
31.00 727.96
31.50 704.59
32.00 754.37
32.50 737.57
33.00 768.69
33.50 747.19
34.00 731.48
34.50 736.79
35.00 754.13
35.50 762.21
36.00 699.79
36.50 736.54
37.00 750.08
37.50 754.61
38.00 761.43
38.50 714.98
39.00 725.07
39.50 733.46
40.00 761.26
40.50 735.32
41.00 745.68
41.50 741.79
42.00 713.83
42.50 749.21
43.00 701.09
43.50 703.37
44.00 730.22
44.50 805.73
45.00 766.10
45.50 674.23
46.00 709.22
46.50 710.04
47.00 788.23
47.50 747.79
48.00 667.31
48.50 735.39
49.00 776.49
49.50 730.85
50.00 717.03
50.50 705.53
51.00 710.44
51.50 708.44
52.00 764.51
52.50 724.49
53.00 770.39
53.50 736.16
54.00 762.93
54.50 717.52
55.00 796.69
55.50 692.13
56.00 726.41
56.50 718.56
57.00 715.16
57.50 713.67
58.00 723.39
58.50 728.17
59.00 703.95
59.50 755.64
60.00 743.09
60.50 715.86
61.00 728.49
61.50 730.39
62.00 707.19
62.50 676.78
63.00 703.32
63.50 717.98
64.00 390.54
64.50 196.64
65.00 130.15
65.50 43.71
66.00 94.16
66.50 195.04
67.00 0.00
67.50 518.48
68.00 601.75
68.50 525.61
69.00 771.67
69.50 0.01
70.00 0.00
70.50 574.61
71.00 572.79
71.50 76.60
72.00 0.00
72.50 828.52
73.00 858.58
73.50 195.07
74.00 532.30
74.50 768.24
75.00 720.86
75.50 751.29
76.00 762.49
76.50 713.51
77.00 718.50
77.50 773.92
78.00 687.74
78.50 651.17
79.00 103.22
79.50 749.63
80.00 861.78
80.50 830.82
81.00 796.66
81.50 847.63
82.00 826.30
82.50 796.99
83.00 748.38
83.50 289.24
84.00 900.00
84.50 571.53
85.00 473.50
85.50 102.28
86.00 467.68
86.50 558.00
87.00 245.82
87.50 76.74
88.00 139.83
88.50 0.00
89.00 159.32
89.50 160.75
90.00 176.51
90.50 161.77
91.00 332.03
91.50 472.13
92.00 767.45
92.50 833.62
93.00 0.00
93.50 0.00
94.00 0.02
94.50 0.00
95.00 0.00
95.50 0.01
96.00 0.00
96.50 136.75
97.00 189.52
97.50 0.01
98.00 644.30
98.50 719.36
99.00 718.12
99.50 786.29
100.00 764.17
100.50 851.50
101.00 710.45
101.50 699.04
102.00 756.08
102.50 683.28
103.00 530.11
103.50 786.23
104.00 684.70
104.50 811.25
105.00 724.42
105.50 481.22
106.00 762.86
106.50 827.34
107.00 900.00
107.50 739.93
108.00 719.86
108.50 759.27
109.00 725.33
109.50 760.05
110.00 702.04
110.50 732.84
111.00 810.37
111.50 696.85
112.00 663.75
112.50 719.19
113.00 170.85
113.50 627.63
114.00 705.62
114.50 709.21
115.00 772.93
115.50 698.94
116.00 718.03
116.50 479.42
117.00 690.48
117.50 694.26
118.00 707.42
118.50 404.02
119.00 703.58
119.50 720.36
120.00 674.50
120.50 745.62
121.00 255.33
121.50 396.95
122.00 708.63
122.50 40.08
123.00 731.63
123.50 738.45
124.00 878.82
124.50 707.44
125.00 804.23
125.50 712.62
126.00 750.87
126.50 783.08
127.00 771.45
127.50 784.25
128.00 753.60
128.50 735.17
129.00 674.14
129.50 698.64
130.00 711.98
130.50 685.59
131.00 887.99
131.50 523.58
132.00 720.40
132.50 691.04
133.00 678.88
133.50 747.60
134.00 761.76
134.50 725.90
135.00 705.47
135.50 724.71
136.00 744.94
136.50 719.01
137.00 677.92
137.50 690.91
138.00 736.33
138.50 779.98
139.00 729.07
139.50 739.19
140.00 730.91
140.50 734.26
141.00 751.65
141.50 778.37
142.00 739.75
142.50 754.85
143.00 771.24
143.50 711.34
144.00 704.89
144.50 779.03
145.00 753.24
145.50 730.77
146.00 731.67
146.50 672.21
147.00 728.11
147.50 741.77
148.00 749.36
148.50 728.56
149.00 715.58
149.50 726.55
150.00 719.19
150.50 777.41
151.00 766.03
151.50 694.81
152.00 703.29
152.50 741.58
153.00 745.51
153.50 733.98
154.00 725.27
154.50 693.14
155.00 695.66
155.50 743.95
156.00 811.93
156.50 744.49
157.00 730.55
157.50 727.61
158.00 731.68
158.50 769.96
159.00 664.72
159.50 656.33
160.00 773.09
160.50 794.16
161.00 701.00
161.50 0.00
162.00 0.01
162.50 140.13
163.00 108.79
163.50 630.99
164.00 742.30
164.50 403.45
165.00 717.76
165.50 680.67
166.00 522.25
166.50 563.36
167.00 0.00
167.50 94.74
168.00 475.28
168.50 32.76
169.00 71.51
169.50 576.95
170.00 461.07
170.50 692.89
171.00 800.97
171.50 864.89
172.00 857.32
172.50 853.88
173.00 765.91
173.50 749.04
174.00 701.32
174.50 744.04
175.00 730.41
175.50 829.30
176.00 841.60
176.50 855.55
177.00 877.11
177.50 706.03
178.00 825.80
178.50 870.73
179.00 721.81
179.50 683.09
180.00 780.36
180.50 719.41
181.00 710.80
181.50 727.46
182.00 737.07
182.50 706.85
183.00 743.86
183.50 743.34
184.00 723.20
184.50 755.71
185.00 763.70
185.50 723.18
186.00 716.48
186.50 734.04
187.00 731.73
187.50 763.12
188.00 750.68
188.50 734.29
189.00 731.44
189.50 739.97
190.00 766.15
190.50 696.66
191.00 764.12
191.50 715.00
192.00 739.02
192.50 717.69
193.00 746.10
193.50 711.36
194.00 728.59
194.50 699.96
195.00 740.22
195.50 715.81
196.00 756.89
196.50 736.71
197.00 715.04
197.50 679.13
198.00 759.70
198.50 789.77
199.00 750.93
199.50 686.08
200.00 708.15
200.50 700.85
201.00 715.92
201.50 770.15
202.00 713.07
202.50 699.17
203.00 756.84
203.50 436.94
204.00 683.32
204.50 724.06
205.00 709.80
205.50 726.38
206.00 802.66
206.50 815.28
207.00 868.25
207.50 706.55
208.00 587.22
208.50 644.57
209.00 708.90
209.50 706.72
210.00 730.66
210.50 718.84
211.00 424.07
211.50 694.87
212.00 712.30
212.50 717.82
213.00 833.27
213.50 855.48
214.00 473.32
214.50 293.00
215.00 570.69
215.50 743.76
216.00 750.18
216.50 811.76
217.00 683.38
217.50 829.89
218.00 708.36
218.50 890.90
219.00 464.17
219.50 780.34
220.00 747.16
220.50 726.46
221.00 707.58
221.50 697.74
222.00 681.34
222.50 715.05
223.00 862.78
223.50 696.76
224.00 818.75
224.50 721.41
225.00 900.00
225.50 716.00
226.00 695.24
226.50 856.62
227.00 688.82
227.50 687.99
228.00 687.27
228.50 746.26
229.00 703.61
229.50 709.08
230.00 750.53
230.50 296.54
231.00 544.78
231.50 736.08
232.00 635.06
232.50 787.37
233.00 803.51
233.50 677.93
234.00 712.36
234.50 693.20
235.00 712.58
235.50 665.11
236.00 696.50
236.50 612.01
237.00 738.92
237.50 696.33
238.00 692.83
238.50 721.55
239.00 745.27
239.50 635.98
240.00 677.13
240.50 657.02
241.00 690.58
241.50 505.84
242.00 752.68
242.50 670.19
243.00 679.98
243.50 772.28
244.00 646.50
244.50 667.09
245.00 756.12
245.50 704.61
246.00 796.67
246.50 829.06
247.00 837.58
247.50 707.43
248.00 739.93
248.50 719.58
249.00 722.68
249.50 690.90
250.00 693.26
250.50 715.90
251.00 695.35
251.50 505.57
252.00 807.14
252.50 703.89
253.00 900.00
253.50 778.70
254.00 671.99
254.50 617.40
255.00 728.73
255.50 811.00
256.00 861.25
256.50 841.60
257.00 799.94
257.50 843.99
258.00 792.98
258.50 728.25
259.00 541.03
259.50 729.78
260.00 832.58
260.50 727.83
261.00 823.31
261.50 806.13
262.00 704.62
262.50 846.52
263.00 691.87
263.50 655.95
264.00 820.82
264.50 702.61
265.00 686.84
265.50 706.32
266.00 679.40
266.50 725.66
267.00 644.28
267.50 700.44
268.00 704.07
268.50 737.54
269.00 715.52
269.50 609.00
270.00 544.17
270.50 744.34
271.00 706.56
271.50 822.18
272.00 879.22
272.50 712.21
273.00 694.74
273.50 691.22
274.00 708.46
274.50 704.43
275.00 313.79
275.50 497.44
276.00 688.80
276.50 678.63
277.00 656.18
277.50 481.10
278.00 716.31
278.50 762.94
279.00 787.13
279.50 720.06
280.00 571.05
280.50 237.55
281.00 520.86
281.50 672.70
282.00 480.95
282.50 224.86
283.00 801.08
283.50 74.45
284.00 847.19
284.50 0.00
285.00 0.00
285.50 413.77
286.00 668.61
286.50 687.56
287.00 54.92
287.50 99.00
288.00 597.86
288.50 787.12
289.00 156.37
289.50 653.18
290.00 857.28
290.50 751.96
291.00 675.25
291.50 84.35
292.00 77.16
292.50 80.17
293.00 88.79
293.50 99.54
294.00 114.89
294.50 665.36
295.00 0.00
295.50 0.00
296.00 0.00
296.50 82.41
297.00 394.57
297.50 502.79
298.00 553.14
298.50 745.38
299.00 715.09
299.50 195.79
