0.00 0.00
0.50 137.41
1.00 0.00
1.50 700.00
2.00 703.23
2.50 504.81
3.00 571.94
3.50 760.52
4.00 773.00
4.50 158.55
5.00 470.06
5.50 467.32
6.00 732.89
6.50 386.62
7.00 608.57
7.50 660.52
8.00 746.75
8.50 844.46
9.00 718.65
9.50 755.55
10.00 757.10
10.50 735.22
11.00 712.27
11.50 527.23
12.00 766.77
12.50 542.82
13.00 900.00
13.50 188.91
14.00 0.00
14.50 335.07
15.00 753.62
15.50 746.57
16.00 774.17
16.50 717.51
17.00 720.19
17.50 710.24
18.00 753.57
18.50 731.82
19.00 711.54
19.50 737.50
20.00 791.13
20.50 721.31
21.00 748.58
21.50 697.73
22.00 710.84
22.50 696.74
23.00 780.68
23.50 715.61
24.00 754.24
24.50 725.50
25.00 690.73
25.50 702.05
26.00 740.88
26.50 743.01
27.00 696.18
27.50 722.02
28.00 753.23
28.50 789.87
29.00 679.65
29.50 753.94
30.00 722.31
30.50 781.33
31.00 769.60
31.50 685.20
32.00 805.91
32.50 697.65
33.00 758.49
33.50 737.86
34.00 722.31
34.50 769.08
35.00 707.02
35.50 757.91
36.00 774.23
36.50 775.97
37.00 705.14
37.50 771.29
38.00 760.99
38.50 697.13
39.00 707.66
39.50 675.79
40.00 744.30
40.50 706.71
41.00 731.12
41.50 747.83
42.00 764.14
42.50 701.80
43.00 738.33
43.50 739.39
44.00 727.95
44.50 774.48
45.00 834.77
45.50 676.47
46.00 751.52
46.50 795.21
47.00 665.32
47.50 736.23
48.00 695.83
48.50 688.97
49.00 702.87
49.50 709.39
50.00 722.16
50.50 323.68
51.00 740.73
51.50 823.51
52.00 646.94
52.50 719.34
53.00 463.49
53.50 604.35
54.00 897.41
54.50 706.59
55.00 822.64
55.50 856.74
56.00 379.44
56.50 609.41
57.00 746.12
57.50 747.06
58.00 833.26
58.50 689.32
59.00 787.75
59.50 745.24
60.00 679.19
60.50 701.06
61.00 670.40
61.50 721.64
62.00 721.94
62.50 721.93
63.00 658.45
63.50 715.58
64.00 686.46
64.50 850.12
65.00 687.97
65.50 749.99
66.00 735.17
66.50 735.97
67.00 712.64
67.50 770.42
68.00 752.88
68.50 681.47
69.00 777.96
69.50 701.34
70.00 681.36
70.50 765.87
71.00 710.17
71.50 704.51
72.00 732.52
72.50 758.34
73.00 736.79
73.50 752.86
74.00 700.05
74.50 775.81
75.00 713.69
75.50 724.16
76.00 694.15
76.50 708.08
77.00 722.17
77.50 732.14
78.00 749.78
78.50 772.93
79.00 716.49
79.50 753.73
80.00 798.83
80.50 717.62
81.00 742.40
81.50 729.75
82.00 704.00
82.50 739.49
83.00 714.31
83.50 751.85
84.00 726.01
84.50 745.75
85.00 678.44
85.50 712.57
86.00 731.86
86.50 736.16
87.00 783.22
87.50 321.25
88.00 565.71
88.50 727.74
89.00 705.94
89.50 680.44
90.00 685.73
90.50 703.75
91.00 856.49
91.50 784.74
92.00 737.10
92.50 729.11
93.00 242.35
93.50 589.60
94.00 692.88
94.50 719.15
95.00 900.00
95.50 798.98
96.00 589.20
96.50 688.05
97.00 667.40
97.50 673.53
98.00 741.36
98.50 759.81
99.00 813.66
99.50 564.45
100.00 701.05
100.50 0.00
101.00 588.10
101.50 749.19
102.00 773.07
102.50 703.90
103.00 731.99
103.50 0.00
104.00 0.00
104.50 0.02
105.00 0.02
105.50 254.15
106.00 643.70
106.50 750.90
107.00 685.02
107.50 714.09
108.00 692.47
108.50 708.19
109.00 785.71
109.50 850.48
110.00 720.54
110.50 884.41
111.00 671.43
111.50 693.30
112.00 699.11
112.50 783.67
113.00 715.32
113.50 881.40
114.00 709.63
114.50 705.28
115.00 785.40
115.50 836.82
116.00 725.61
116.50 841.41
117.00 855.16
117.50 814.66
118.00 768.83
118.50 709.40
119.00 735.59
119.50 750.11
120.00 783.71
120.50 710.37
121.00 679.92
121.50 698.71
122.00 727.64
122.50 661.91
123.00 737.11
123.50 772.76
124.00 847.69
124.50 759.33
125.00 753.91
125.50 703.60
126.00 730.11
126.50 778.72
127.00 856.28
127.50 678.38
128.00 625.92
128.50 591.30
129.00 759.91
129.50 708.38
130.00 702.44
130.50 368.99
131.00 670.40
131.50 705.74
132.00 703.20
132.50 424.59
133.00 592.09
133.50 675.41
134.00 686.59
134.50 732.47
135.00 689.40
135.50 724.01
136.00 691.40
136.50 173.82
137.00 593.85
137.50 708.39
138.00 726.96
138.50 411.23
139.00 711.86
139.50 717.35
140.00 676.61
140.50 717.18
141.00 695.88
141.50 853.91
142.00 721.29
142.50 689.76
143.00 779.53
143.50 869.46
144.00 825.89
144.50 736.66
145.00 0.00
145.50 701.33
146.00 556.33
146.50 693.60
147.00 729.04
147.50 713.29
148.00 801.47
148.50 573.89
149.00 734.31
149.50 689.92
150.00 715.93
150.50 687.20
151.00 691.52
151.50 717.40
152.00 666.63
152.50 673.80
153.00 693.51
153.50 713.26
154.00 709.76
154.50 726.47
155.00 875.63
155.50 867.54
156.00 546.10
156.50 764.62
157.00 812.03
157.50 662.93
158.00 718.51
158.50 718.92
159.00 724.44
159.50 706.32
160.00 704.74
160.50 721.65
161.00 710.85
161.50 6.00
162.00 526.29
162.50 833.33
163.00 683.31
163.50 736.55
164.00 549.94
164.50 713.37
165.00 701.86
165.50 667.65
166.00 762.75
166.50 716.19
167.00 716.50
167.50 716.80
168.00 751.17
168.50 694.75
169.00 693.32
169.50 716.63
170.00 771.08
170.50 676.28
171.00 716.88
171.50 656.39
172.00 773.20
172.50 730.36
173.00 732.43
173.50 715.26
174.00 749.62
174.50 686.23
175.00 753.64
175.50 699.06
176.00 653.97
176.50 226.46
177.00 167.48
177.50 488.74
178.00 125.91
178.50 654.58
179.00 694.16
179.50 27.75
180.00 821.82
180.50 175.43
181.00 184.54
181.50 606.18
182.00 487.09
182.50 72.87
183.00 0.00
183.50 359.76
184.00 300.84
184.50 192.82
185.00 70.77
185.50 25.97
186.00 0.00
186.50 408.22
187.00 726.97
187.50 797.98
188.00 756.33
188.50 733.87
189.00 728.03
189.50 807.72
190.00 857.43
190.50 852.61
191.00 841.23
191.50 796.28
192.00 843.85
192.50 840.18
193.00 845.57
193.50 583.96
194.00 689.46
194.50 884.66
195.00 584.55
195.50 386.61
196.00 617.58
196.50 813.37
197.00 741.06
197.50 718.00
198.00 743.03
198.50 760.77
199.00 703.61
199.50 785.97
200.00 764.24
200.50 722.64
201.00 677.56
201.50 707.32
202.00 733.41
202.50 717.87
203.00 731.79
203.50 689.79
204.00 753.87
204.50 734.91
205.00 784.99
205.50 665.81
206.00 770.48
206.50 710.93
207.00 796.57
207.50 757.91
208.00 776.19
208.50 758.79
209.00 726.94
209.50 710.23
210.00 731.06
210.50 791.58
211.00 714.30
211.50 766.84
212.00 757.87
212.50 759.28
213.00 773.07
213.50 695.19
214.00 702.41
214.50 718.93
215.00 718.70
215.50 743.79
216.00 716.98
216.50 703.36
217.00 700.58
217.50 729.16
218.00 765.31
218.50 737.90
219.00 745.94
219.50 725.81
220.00 690.39
220.50 745.99
221.00 728.37
221.50 730.11
222.00 821.37
222.50 763.41
223.00 493.77
223.50 441.07
224.00 831.87
224.50 807.10
225.00 828.03
225.50 699.17
226.00 799.26
226.50 685.15
227.00 691.14
227.50 720.82
228.00 701.25
228.50 710.09
229.00 702.61
229.50 601.86
230.00 759.12
230.50 701.69
231.00 460.20
231.50 676.20
232.00 771.45
232.50 770.70
233.00 752.99
233.50 428.45
234.00 674.08
234.50 680.95
235.00 737.34
235.50 696.11
236.00 719.16
236.50 697.80
237.00 719.44
237.50 775.65
238.00 780.65
238.50 683.05
239.00 700.48
239.50 866.94
240.00 772.92
240.50 808.26
241.00 852.66
241.50 705.35
242.00 688.32
242.50 694.59
243.00 737.41
243.50 752.63
244.00 722.03
244.50 706.21
245.00 707.15
245.50 736.91
246.00 719.91
246.50 570.54
247.00 708.37
247.50 748.91
248.00 203.21
248.50 553.79
249.00 751.60
249.50 800.96
250.00 704.61
250.50 785.09
251.00 736.09
251.50 717.76
252.00 735.48
252.50 716.85
253.00 668.75
253.50 726.66
254.00 720.37
254.50 743.99
255.00 739.78
255.50 707.96
256.00 707.66
256.50 704.61
257.00 719.00
257.50 735.85
258.00 713.28
258.50 702.54
259.00 776.09
259.50 701.36
260.00 702.64
260.50 655.01
261.00 742.31
261.50 854.46
262.00 802.10
262.50 853.00
263.00 847.23
263.50 761.01
264.00 564.92
264.50 698.25
265.00 697.91
265.50 843.10
266.00 853.69
266.50 146.86
267.00 762.34
267.50 800.90
268.00 700.86
268.50 679.78
269.00 724.17
269.50 694.07
270.00 730.53
270.50 698.52
271.00 718.75
271.50 740.02
272.00 692.28
272.50 711.09
273.00 741.49
273.50 737.29
274.00 835.95
274.50 588.76
275.00 654.72
275.50 701.16
276.00 688.26
276.50 865.73
277.00 639.22
277.50 734.93
278.00 678.42
278.50 0.02
279.00 0.00
279.50 122.61
280.00 132.10
280.50 174.42
281.00 0.00
281.50 0.00
282.00 0.00
282.50 0.00
283.00 0.01
283.50 0.01
284.00 54.32
284.50 194.95
285.00 748.74
285.50 10.98
286.00 298.98
286.50 747.85
287.00 730.46
287.50 768.32
288.00 834.61
288.50 706.53
289.00 720.61
289.50 726.85
290.00 515.69
290.50 838.93
291.00 841.39
291.50 858.40
292.00 818.91
292.50 862.41
293.00 848.07
293.50 812.66
294.00 479.44
294.50 396.91
295.00 236.94
295.50 415.77
296.00 740.15
296.50 731.48
297.00 711.53
297.50 739.72
298.00 739.12
298.50 675.14
299.00 765.48
299.50 840.91
