0.00 306.90
0.50 527.83
1.00 583.67
1.50 637.93
2.00 654.96
2.50 900.00
3.00 380.27
3.50 729.62
4.00 732.95
4.50 709.20
5.00 144.28
5.50 189.65
6.00 564.41
6.50 793.89
7.00 782.46
7.50 0.02
8.00 117.30
8.50 576.10
9.00 739.02
9.50 714.03
10.00 822.60
10.50 749.30
11.00 614.12
11.50 506.37
12.00 847.35
12.50 863.02
13.00 843.44
13.50 535.92
14.00 405.22
14.50 745.99
15.00 704.12
15.50 833.68
16.00 710.48
16.50 861.05
17.00 734.80
17.50 165.48
18.00 812.42
18.50 738.74
19.00 738.46
19.50 865.93
20.00 866.45
20.50 826.21
21.00 887.34
21.50 861.07
22.00 646.68
22.50 726.93
23.00 753.44
23.50 320.67
24.00 764.75
24.50 751.09
25.00 719.47
25.50 733.91
26.00 143.96
26.50 875.59
27.00 0.00
27.50 542.68
28.00 768.07
28.50 810.80
29.00 808.17
29.50 720.36
30.00 0.01
30.50 0.00
31.00 479.46
31.50 711.11
32.00 765.41
32.50 734.55
33.00 772.47
33.50 705.05
34.00 784.67
34.50 0.00
35.00 0.00
35.50 0.00
36.00 6.39
36.50 51.13
37.00 0.01
37.50 0.00
38.00 0.00
38.50 862.83
39.00 872.58
39.50 839.42
40.00 701.94
40.50 786.80
41.00 803.77
41.50 754.16
42.00 726.17
42.50 725.72
43.00 745.88
43.50 706.35
44.00 700.31
44.50 130.61
45.00 213.18
45.50 176.09
46.00 565.35
46.50 777.13
47.00 871.59
47.50 514.19
48.00 660.27
48.50 764.01
49.00 3.26
49.50 444.04
50.00 815.14
50.50 734.30
51.00 845.67
51.50 842.14
52.00 848.46
52.50 827.36
53.00 756.27
53.50 810.89
54.00 799.88
54.50 742.08
55.00 709.56
55.50 650.03
56.00 164.76
56.50 735.08
57.00 228.37
57.50 633.82
58.00 273.21
58.50 0.00
59.00 599.02
59.50 760.50
60.00 808.73
60.50 646.38
61.00 788.35
61.50 700.96
62.00 220.18
62.50 139.87
63.00 472.92
63.50 714.14
64.00 710.85
64.50 766.55
65.00 900.00
65.50 817.87
66.00 786.73
66.50 711.11
67.00 726.06
67.50 732.23
68.00 697.00
68.50 713.03
69.00 820.41
69.50 696.86
70.00 749.17
70.50 719.19
71.00 817.11
71.50 656.06
72.00 678.45
72.50 682.23
73.00 697.32
73.50 843.61
74.00 699.71
74.50 594.91
75.00 707.94
75.50 694.81
76.00 596.95
76.50 839.26
77.00 732.98
77.50 695.05
78.00 701.62
78.50 673.69
79.00 807.23
79.50 627.98
80.00 665.20
80.50 737.26
81.00 734.84
81.50 559.20
82.00 592.03
82.50 789.33
83.00 789.67
83.50 818.92
84.00 799.06
84.50 451.18
85.00 703.25
85.50 712.47
86.00 785.61
86.50 900.00
87.00 750.19
87.50 731.59
88.00 669.43
88.50 714.14
89.00 891.61
89.50 765.15
90.00 695.68
90.50 687.31
91.00 743.77
91.50 844.29
92.00 846.67
92.50 850.27
93.00 865.18
93.50 687.04
94.00 743.24
94.50 3.54
95.00 491.52
95.50 842.85
96.00 523.07
96.50 593.65
97.00 452.93
97.50 542.19
98.00 845.97
98.50 760.87
99.00 718.82
99.50 658.47
100.00 778.36
100.50 714.87
101.00 721.08
101.50 65.30
102.00 702.66
102.50 559.62
103.00 569.49
103.50 834.92
104.00 9.39
104.50 772.63
105.00 804.36
105.50 762.95
106.00 756.31
106.50 855.55
107.00 835.65
107.50 852.74
108.00 850.01
108.50 815.00
109.00 828.31
109.50 317.21
110.00 732.56
110.50 838.52
111.00 808.36
111.50 845.78
112.00 0.00
112.50 129.16
113.00 196.28
113.50 48.85
114.00 736.27
114.50 784.04
115.00 774.01
115.50 77.27
116.00 0.02
116.50 843.68
117.00 814.85
117.50 860.33
118.00 826.56
118.50 682.72
119.00 310.94
119.50 734.73
120.00 742.89
120.50 728.51
121.00 852.22
121.50 171.20
122.00 593.02
122.50 620.75
123.00 523.02
123.50 0.00
124.00 100.10
124.50 0.01
125.00 0.00
125.50 62.80
126.00 68.32
126.50 83.33
127.00 639.47
127.50 607.12
128.00 41.45
128.50 712.61
129.00 723.36
129.50 678.68
130.00 562.68
130.50 196.74
131.00 548.70
131.50 0.00
132.00 18.96
132.50 0.02
133.00 450.95
133.50 560.71
134.00 466.56
134.50 739.31
135.00 737.39
135.50 683.35
136.00 706.41
136.50 711.54
137.00 0.00
137.50 536.69
138.00 711.64
138.50 776.23
139.00 0.00
139.50 755.11
140.00 738.92
140.50 741.04
141.00 706.22
141.50 725.89
142.00 760.20
142.50 588.11
143.00 709.48
143.50 725.34
144.00 716.99
144.50 659.36
145.00 839.98
145.50 873.93
146.00 699.22
146.50 809.42
147.00 678.87
147.50 258.77
148.00 779.11
148.50 671.58
149.00 671.64
149.50 742.95
150.00 733.64
150.50 721.80
151.00 725.09
151.50 409.00
152.00 724.26
152.50 720.33
153.00 700.25
153.50 745.40
154.00 144.49
154.50 603.89
155.00 710.17
155.50 721.40
156.00 678.90
156.50 714.46
157.00 712.92
157.50 690.82
158.00 751.91
158.50 718.46
159.00 727.80
159.50 684.63
160.00 713.85
160.50 850.35
161.00 900.00
161.50 720.98
162.00 704.40
162.50 742.28
163.00 690.97
163.50 264.51
164.00 686.19
164.50 723.16
165.00 715.67
165.50 851.75
166.00 900.00
166.50 730.22
167.00 783.17
167.50 765.60
168.00 716.02
168.50 280.22
169.00 609.90
169.50 756.49
170.00 678.90
170.50 720.60
171.00 854.98
171.50 668.84
172.00 867.80
172.50 681.50
173.00 660.45
173.50 701.99
174.00 751.38
174.50 686.63
175.00 832.48
175.50 736.51
176.00 631.74
176.50 719.80
177.00 708.66
177.50 725.37
178.00 706.48
178.50 733.19
179.00 733.51
179.50 737.17
180.00 759.54
180.50 725.93
181.00 682.83
181.50 694.32
182.00 704.20
182.50 696.58
183.00 670.34
183.50 700.49
184.00 728.71
184.50 662.44
185.00 699.12
185.50 703.11
186.00 730.41
186.50 728.62
187.00 751.29
187.50 769.21
188.00 736.11
188.50 716.42
189.00 804.53
189.50 727.72
190.00 712.93
190.50 700.36
191.00 824.95
191.50 730.00
192.00 737.03
192.50 579.92
193.00 888.64
193.50 678.99
194.00 687.48
194.50 698.52
195.00 699.58
195.50 704.09
196.00 708.86
196.50 632.55
197.00 717.28
197.50 724.42
198.00 708.23
198.50 698.65
199.00 703.75
199.50 719.31
200.00 831.74
200.50 719.75
201.00 716.85
201.50 707.17
202.00 712.24
202.50 734.01
203.00 716.58
203.50 691.15
204.00 670.80
204.50 580.30
205.00 690.38
205.50 391.22
206.00 520.97
206.50 717.65
207.00 820.24
207.50 845.57
208.00 839.13
208.50 337.25
209.00 582.53
209.50 695.99
210.00 785.01
210.50 684.84
211.00 897.78
211.50 773.63
212.00 715.96
212.50 424.10
213.00 602.67
213.50 689.48
214.00 715.00
214.50 693.80
215.00 714.65
215.50 734.00
216.00 713.35
216.50 705.51
217.00 762.64
217.50 860.86
218.00 726.79
218.50 744.44
219.00 707.58
219.50 736.03
220.00 688.21
220.50 370.01
221.00 496.56
221.50 884.01
222.00 719.77
222.50 704.49
223.00 695.70
223.50 700.97
224.00 676.44
224.50 704.43
225.00 578.54
225.50 829.68
226.00 805.14
226.50 721.82
227.00 749.30
227.50 690.73
228.00 719.47
228.50 701.11
229.00 780.03
229.50 746.96
230.00 800.50
230.50 679.38
231.00 536.71
231.50 634.24
232.00 660.73
232.50 693.45
233.00 700.19
233.50 696.75
234.00 820.14
234.50 732.94
235.00 606.81
235.50 735.72
236.00 789.73
236.50 752.94
237.00 782.13
237.50 724.86
238.00 803.89
238.50 816.19
239.00 694.25
239.50 721.71
240.00 719.11
240.50 741.46
241.00 676.52
241.50 0.00
242.00 391.69
242.50 370.46
243.00 725.26
243.50 779.48
244.00 833.06
244.50 607.73
245.00 576.39
245.50 721.23
246.00 694.77
246.50 49.32
247.00 67.79
247.50 684.48
248.00 690.33
248.50 674.37
249.00 716.27
249.50 716.22
250.00 0.77
250.50 625.52
251.00 540.83
251.50 711.09
252.00 722.17
252.50 711.84
253.00 711.67
253.50 720.20
254.00 710.34
254.50 900.00
255.00 782.94
255.50 831.95
256.00 822.69
256.50 711.13
257.00 692.01
257.50 739.45
258.00 555.76
258.50 682.14
259.00 804.13
259.50 787.55
260.00 859.55
260.50 717.27
261.00 700.19
261.50 713.62
262.00 675.97
262.50 683.38
263.00 818.18
263.50 867.52
264.00 735.72
264.50 866.92
265.00 815.44
265.50 705.93
266.00 784.83
266.50 691.15
267.00 817.57
267.50 806.15
268.00 688.68
268.50 521.21
269.00 679.19
269.50 780.55
270.00 842.04
270.50 839.62
271.00 711.37
271.50 687.19
272.00 700.43
272.50 691.64
273.00 808.49
273.50 715.95
274.00 671.08
274.50 702.49
275.00 785.57
275.50 738.03
276.00 710.68
276.50 683.76
277.00 731.82
277.50 762.59
278.00 718.84
278.50 707.88
279.00 712.92
279.50 768.54
280.00 719.57
280.50 745.02
281.00 699.47
281.50 735.99
282.00 721.57
282.50 725.82
283.00 753.25
283.50 736.90
284.00 683.25
284.50 745.52
285.00 769.25
285.50 750.06
286.00 733.03
286.50 717.25
287.00 755.07
287.50 749.27
288.00 730.60
288.50 705.60
289.00 770.04
289.50 716.56
290.00 760.88
290.50 736.19
291.00 753.62
291.50 738.39
292.00 722.49
292.50 770.62
293.00 696.65
293.50 756.32
294.00 709.98
294.50 741.07
295.00 782.57
295.50 752.85
296.00 744.02
296.50 779.06
297.00 699.21
297.50 700.53
298.00 728.45
298.50 785.69
299.00 756.69
299.50 694.72
