0.00 708.65
0.50 900.00
1.00 104.89
1.50 143.68
2.00 117.00
2.50 0.00
3.00 0.00
3.50 0.00
4.00 0.00
4.50 0.00
5.00 343.90
5.50 9.45
6.00 715.75
6.50 780.94
7.00 864.58
7.50 824.80
8.00 844.40
8.50 0.00
9.00 386.30
9.50 578.46
10.00 581.61
10.50 0.00
11.00 494.74
11.50 116.66
12.00 122.31
12.50 0.00
13.00 259.36
13.50 162.10
14.00 71.44
14.50 810.85
15.00 705.68
15.50 694.03
16.00 750.25
16.50 770.31
17.00 730.33
17.50 848.84
18.00 0.00
18.50 375.28
19.00 765.39
19.50 725.70
20.00 725.70
20.50 855.50
21.00 723.18
21.50 773.50
22.00 844.72
22.50 788.65
23.00 760.10
23.50 728.22
24.00 726.54
24.50 604.15
25.00 707.89
25.50 0.01
26.00 0.00
26.50 0.03
27.00 0.01
27.50 0.01
28.00 0.02
28.50 841.58
29.00 886.58
29.50 0.00
30.00 168.94
30.50 660.68
31.00 588.10
31.50 300.45
32.00 682.21
32.50 0.01
33.00 405.73
33.50 719.48
34.00 765.50
34.50 698.04
35.00 731.14
35.50 733.10
36.00 457.47
36.50 0.02
37.00 71.31
37.50 0.00
38.00 753.58
38.50 493.51
39.00 629.46
39.50 295.08
40.00 138.96
40.50 0.00
41.00 152.01
41.50 867.46
42.00 751.18
42.50 368.68
43.00 721.66
43.50 231.06
44.00 417.38
44.50 737.48
45.00 680.49
45.50 794.07
46.00 568.27
46.50 240.86
47.00 0.55
47.50 0.01
48.00 834.14
48.50 670.20
49.00 713.49
49.50 778.52
50.00 704.78
50.50 796.55
51.00 835.79
51.50 719.64
52.00 727.73
52.50 384.52
53.00 707.55
53.50 709.76
54.00 839.13
54.50 872.18
55.00 701.77
55.50 646.74
56.00 718.38
56.50 715.42
57.00 23.04
57.50 692.65
58.00 690.32
58.50 716.59
59.00 895.07
59.50 806.14
60.00 846.54
60.50 702.89
61.00 727.40
61.50 790.98
62.00 883.75
62.50 776.46
63.00 796.80
63.50 727.51
64.00 727.42
64.50 694.10
65.00 736.73
65.50 838.49
66.00 650.93
66.50 894.29
67.00 787.75
67.50 757.31
68.00 705.21
68.50 727.84
69.00 609.29
69.50 676.26
70.00 686.96
70.50 25.00
71.00 834.69
71.50 834.80
72.00 872.00
72.50 836.59
73.00 831.36
73.50 662.31
74.00 752.02
74.50 189.55
75.00 733.72
75.50 730.65
76.00 794.42
76.50 731.92
77.00 725.40
77.50 729.59
78.00 760.98
78.50 783.31
79.00 736.61
79.50 773.58
80.00 747.61
80.50 723.46
81.00 732.87
81.50 721.67
82.00 776.57
82.50 743.95
83.00 744.81
83.50 746.58
84.00 742.00
84.50 715.86
85.00 697.57
85.50 732.39
86.00 700.78
86.50 720.69
87.00 728.50
87.50 707.23
88.00 761.98
88.50 689.60
89.00 746.77
89.50 700.19
90.00 725.14
90.50 716.62
91.00 740.38
91.50 713.84
92.00 726.57
92.50 775.36
93.00 705.08
93.50 735.11
94.00 734.57
94.50 709.90
95.00 711.18
95.50 696.00
96.00 762.82
96.50 723.25
97.00 704.83
97.50 779.88
98.00 735.95
98.50 701.49
99.00 769.07
99.50 650.78
100.00 720.95
100.50 722.18
101.00 717.00
101.50 724.78
102.00 710.32
102.50 736.68
103.00 724.35
103.50 728.62
104.00 563.31
104.50 90.20
105.00 108.49
105.50 586.98
106.00 654.17
106.50 784.32
107.00 134.78
107.50 0.00
108.00 0.00
108.50 0.01
109.00 0.01
109.50 743.29
110.00 741.53
110.50 690.14
111.00 848.13
111.50 830.49
112.00 548.25
112.50 858.97
113.00 839.30
113.50 896.03
114.00 446.61
114.50 733.52
115.00 639.16
115.50 688.70
116.00 145.08
116.50 380.99
117.00 406.41
117.50 718.35
118.00 745.14
118.50 83.36
119.00 219.60
119.50 81.75
120.00 653.20
120.50 542.57
121.00 3.71
121.50 455.62
122.00 225.20
122.50 0.03
123.00 0.00
123.50 118.42
124.00 137.20
124.50 14.72
125.00 160.43
125.50 134.91
126.00 144.20
126.50 67.02
127.00 161.99
127.50 0.00
128.00 321.68
128.50 619.44
129.00 713.61
129.50 741.01
130.00 699.42
130.50 719.04
131.00 703.40
131.50 797.80
132.00 870.92
132.50 706.48
133.00 714.84
133.50 676.58
134.00 682.70
134.50 679.63
135.00 735.06
135.50 685.77
136.00 726.80
136.50 682.02
137.00 729.30
137.50 701.96
138.00 887.13
138.50 711.63
139.00 794.83
139.50 726.28
140.00 698.41
140.50 745.31
141.00 709.18
141.50 412.05
142.00 548.78
142.50 701.51
143.00 736.92
143.50 723.90
144.00 806.76
144.50 815.03
145.00 746.23
145.50 662.88
146.00 790.48
146.50 788.21
147.00 825.74
147.50 854.76
148.00 700.39
148.50 707.33
149.00 354.67
149.50 662.57
150.00 769.17
150.50 900.00
151.00 711.89
151.50 702.99
152.00 733.04
152.50 716.03
153.00 780.14
153.50 729.81
154.00 664.84
154.50 808.98
155.00 694.06
155.50 733.57
156.00 478.66
156.50 716.30
157.00 229.51
157.50 730.34
158.00 768.88
158.50 711.47
159.00 766.54
159.50 719.46
160.00 760.64
160.50 686.67
161.00 718.15
161.50 538.88
162.00 718.80
162.50 707.97
163.00 725.27
163.50 759.57
164.00 806.73
164.50 844.60
165.00 715.45
165.50 816.97
166.00 383.36
166.50 582.75
167.00 730.17
167.50 728.69
168.00 728.98
168.50 801.40
169.00 835.32
169.50 684.82
170.00 830.42
170.50 807.70
171.00 710.08
171.50 711.34
172.00 714.40
172.50 708.44
173.00 699.75
173.50 737.37
174.00 704.83
174.50 681.59
175.00 672.63
175.50 267.59
176.00 691.97
176.50 702.53
177.00 718.38
177.50 255.52
178.00 447.62
178.50 718.88
179.00 774.41
179.50 683.21
180.00 692.94
180.50 707.38
181.00 785.24
181.50 786.53
182.00 895.08
182.50 824.26
183.00 801.21
183.50 744.78
184.00 713.44
184.50 721.60
185.00 848.13
185.50 715.58
186.00 712.70
186.50 710.66
187.00 842.39
187.50 784.54
188.00 703.15
188.50 379.12
189.00 694.42
189.50 785.10
190.00 710.74
190.50 670.46
191.00 725.93
191.50 699.16
192.00 599.72
192.50 758.99
193.00 785.85
193.50 703.15
194.00 712.74
194.50 339.62
195.00 685.42
195.50 715.62
196.00 681.80
196.50 880.12
197.00 711.91
197.50 677.22
198.00 696.50
198.50 754.38
199.00 711.46
199.50 700.09
200.00 780.60
200.50 809.79
201.00 812.07
201.50 705.19
202.00 705.09
202.50 704.83
203.00 736.59
203.50 772.88
204.00 769.00
204.50 724.36
205.00 733.02
205.50 706.44
206.00 644.54
206.50 674.56
207.00 773.46
207.50 752.13
208.00 758.53
208.50 728.97
209.00 765.03
209.50 719.89
210.00 679.90
210.50 757.14
211.00 749.23
211.50 776.84
212.00 743.22
212.50 723.52
213.00 699.45
213.50 689.28
214.00 745.13
214.50 737.67
215.00 715.70
215.50 682.69
216.00 752.44
216.50 740.37
217.00 723.71
217.50 753.97
218.00 488.32
218.50 746.79
219.00 696.79
219.50 740.52
220.00 711.74
220.50 749.12
221.00 838.34
221.50 806.73
222.00 712.64
222.50 755.18
223.00 703.24
223.50 815.75
224.00 438.39
224.50 588.53
225.00 844.84
225.50 732.95
226.00 725.02
226.50 730.93
227.00 722.92
227.50 697.96
228.00 772.91
228.50 791.16
229.00 691.40
229.50 719.64
230.00 16.10
230.50 671.20
231.00 701.38
231.50 489.96
232.00 731.23
232.50 697.13
233.00 703.00
233.50 745.75
234.00 790.38
234.50 627.46
235.00 723.52
235.50 763.85
236.00 227.49
236.50 807.51
237.00 815.75
237.50 789.25
238.00 777.66
238.50 686.16
239.00 432.03
239.50 541.64
240.00 718.10
240.50 734.11
241.00 693.05
241.50 763.57
242.00 675.14
242.50 726.75
243.00 716.39
243.50 698.78
244.00 728.53
244.50 727.46
245.00 756.16
245.50 711.51
246.00 800.64
246.50 720.46
247.00 737.64
247.50 724.60
248.00 133.39
248.50 741.65
249.00 730.91
249.50 658.06
250.00 628.17
250.50 764.17
251.00 773.67
251.50 793.67
252.00 713.29
252.50 813.77
253.00 737.59
253.50 815.16
254.00 828.35
254.50 524.16
255.00 736.11
255.50 690.20
256.00 664.37
256.50 745.59
257.00 716.92
257.50 706.27
258.00 892.88
258.50 798.05
259.00 679.60
259.50 793.23
260.00 695.02
260.50 682.83
261.00 587.55
261.50 702.16
262.00 732.23
262.50 702.27
263.00 749.65
263.50 839.50
264.00 713.00
264.50 812.76
265.00 782.31
265.50 803.34
266.00 774.48
266.50 806.55
267.00 691.64
267.50 796.51
268.00 718.29
268.50 695.84
269.00 734.30
269.50 844.09
270.00 737.09
270.50 648.59
271.00 821.41
271.50 699.54
272.00 741.69
272.50 827.38
273.00 699.80
273.50 708.62
274.00 811.54
274.50 900.00
275.00 775.64
275.50 856.94
276.00 756.02
276.50 697.59
277.00 611.02
277.50 836.81
278.00 802.17
278.50 718.12
279.00 722.34
279.50 727.22
280.00 732.60
280.50 703.88
281.00 662.79
281.50 705.27
282.00 733.63
282.50 708.35
283.00 749.95
283.50 690.80
284.00 685.13
284.50 261.86
285.00 372.83
285.50 472.18
286.00 665.14
286.50 719.09
287.00 728.19
287.50 820.22
288.00 772.35
288.50 701.81
289.00 370.69
289.50 701.75
290.00 778.42
290.50 730.97
291.00 666.48
291.50 714.01
292.00 726.53
292.50 706.58
293.00 862.99
293.50 745.15
294.00 711.75
294.50 735.12
295.00 716.95
295.50 678.30
296.00 502.65
296.50 519.69
297.00 801.86
297.50 747.94
298.00 725.19
298.50 724.53
299.00 779.21
299.50 721.57
