0.00 846.81
0.50 820.35
1.00 856.18
1.50 825.26
2.00 815.89
2.50 858.61
3.00 854.31
3.50 873.89
4.00 823.58
4.50 581.09
5.00 531.81
5.50 696.26
6.00 385.79
6.50 825.63
7.00 732.95
7.50 706.07
8.00 655.36
8.50 565.71
9.00 684.47
9.50 510.95
10.00 145.31
10.50 31.33
11.00 82.20
11.50 3.44
12.00 0.00
12.50 220.66
13.00 43.05
13.50 527.96
14.00 627.62
14.50 545.03
15.00 646.99
15.50 747.09
16.00 732.78
16.50 865.50
17.00 849.74
17.50 826.35
18.00 776.80
18.50 612.33
19.00 603.80
19.50 731.65
20.00 716.04
20.50 0.00
21.00 0.01
21.50 0.00
22.00 470.42
22.50 730.84
23.00 878.25
23.50 18.04
24.00 532.06
24.50 728.71
25.00 837.73
25.50 887.98
26.00 0.03
26.50 0.03
27.00 49.68
27.50 0.00
28.00 0.00
28.50 0.00
29.00 0.02
29.50 0.00
30.00 0.00
30.50 835.54
31.00 825.29
31.50 851.64
32.00 871.02
32.50 867.87
33.00 895.27
33.50 788.25
34.00 858.90
34.50 834.29
35.00 822.75
35.50 833.04
36.00 834.08
36.50 775.47
37.00 840.14
37.50 98.13
38.00 585.47
38.50 462.77
39.00 827.88
39.50 835.36
40.00 86.22
40.50 0.00
41.00 0.00
41.50 855.85
42.00 823.14
42.50 669.28
43.00 752.85
43.50 150.92
44.00 24.12
44.50 517.82
45.00 734.92
45.50 702.64
46.00 734.22
46.50 738.22
47.00 784.89
47.50 575.08
48.00 368.77
48.50 752.36
49.00 702.89
49.50 697.08
50.00 752.63
50.50 564.68
51.00 560.17
51.50 0.00
52.00 0.00
52.50 0.00
53.00 0.01
53.50 0.00
54.00 552.02
54.50 738.64
55.00 805.82
55.50 743.97
56.00 732.07
56.50 701.47
57.00 733.13
57.50 0.03
58.00 0.00
58.50 0.00
59.00 0.00
59.50 58.98
60.00 62.70
60.50 474.79
61.00 579.29
61.50 534.17
62.00 0.00
62.50 0.01
63.00 368.51
63.50 772.09
64.00 744.01
64.50 576.47
65.00 724.71
65.50 734.01
66.00 854.25
66.50 688.77
67.00 745.83
67.50 358.57
68.00 145.43
68.50 0.00
69.00 49.35
69.50 90.91
70.00 0.00
70.50 0.00
71.00 0.02
71.50 0.01
72.00 0.00
72.50 665.67
73.00 159.01
73.50 745.26
74.00 700.99
74.50 737.88
75.00 674.55
75.50 855.06
76.00 845.98
76.50 849.58
77.00 729.66
77.50 787.32
78.00 0.00
78.50 841.34
79.00 855.17
79.50 860.82
80.00 846.85
80.50 900.00
81.00 323.20
81.50 689.54
82.00 5.46
82.50 877.63
83.00 463.16
83.50 588.29
84.00 124.74
84.50 13.24
85.00 172.06
85.50 164.64
86.00 189.20
86.50 159.55
87.00 784.88
87.50 720.71
88.00 740.89
88.50 836.61
89.00 849.36
89.50 853.32
90.00 826.39
90.50 848.24
91.00 804.93
91.50 0.01
92.00 0.00
92.50 0.00
93.00 82.16
93.50 0.01
94.00 203.61
94.50 0.01
95.00 507.62
95.50 523.96
96.00 814.53
96.50 829.76
97.00 841.70
97.50 825.18
98.00 154.18
98.50 71.73
99.00 613.37
99.50 226.66
100.00 612.74
100.50 786.65
101.00 382.56
101.50 764.33
102.00 562.02
102.50 374.55
103.00 704.57
103.50 744.44
104.00 537.60
104.50 747.14
105.00 0.02
105.50 0.00
106.00 0.00
106.50 487.20
107.00 730.20
107.50 736.65
108.00 742.95
108.50 474.14
109.00 61.71
109.50 754.74
110.00 416.55
110.50 620.70
111.00 711.32
111.50 718.94
112.00 734.60
112.50 848.33
113.00 711.48
113.50 754.09
114.00 733.04
114.50 494.37
115.00 710.83
115.50 718.43
116.00 672.07
116.50 719.52
117.00 699.09
117.50 716.37
118.00 685.64
118.50 787.89
119.00 767.72
119.50 734.03
120.00 864.87
120.50 700.36
121.00 683.08
121.50 865.55
122.00 759.37
122.50 759.45
123.00 714.69
123.50 750.84
124.00 745.10
124.50 709.10
125.00 757.99
125.50 686.74
126.00 737.25
126.50 747.30
127.00 742.53
127.50 767.58
128.00 746.98
128.50 715.03
129.00 734.36
129.50 688.60
130.00 694.44
130.50 800.00
131.00 714.41
131.50 757.94
132.00 741.30
132.50 674.35
133.00 739.23
133.50 770.46
134.00 742.65
134.50 720.40
135.00 776.87
135.50 745.38
136.00 691.04
136.50 721.53
137.00 739.78
137.50 798.62
138.00 715.92
138.50 742.19
139.00 762.62
139.50 748.74
140.00 748.92
140.50 753.01
141.00 740.65
141.50 719.59
142.00 694.56
142.50 722.01
143.00 686.76
143.50 750.54
144.00 735.13
144.50 736.17
145.00 702.68
145.50 514.90
146.00 605.33
146.50 741.41
147.00 688.14
147.50 674.04
148.00 807.39
148.50 730.52
149.00 705.85
149.50 760.65
150.00 826.86
150.50 801.84
151.00 843.40
151.50 861.38
152.00 645.75
152.50 706.01
153.00 773.89
153.50 728.72
154.00 733.00
154.50 715.91
155.00 304.70
155.50 588.66
156.00 827.47
156.50 660.01
157.00 706.01
157.50 726.60
158.00 722.97
158.50 666.01
159.00 701.68
159.50 703.01
160.00 694.54
160.50 130.88
161.00 675.48
161.50 697.24
162.00 830.92
162.50 702.05
163.00 784.91
163.50 735.28
164.00 603.12
164.50 708.24
165.00 745.19
165.50 727.31
166.00 849.48
166.50 759.16
167.00 757.62
167.50 862.48
168.00 769.97
168.50 627.77
169.00 882.67
169.50 720.21
170.00 900.00
170.50 878.39
171.00 743.79
171.50 664.30
172.00 784.76
172.50 770.63
173.00 747.35
173.50 694.02
174.00 802.47
174.50 726.03
175.00 695.95
175.50 638.68
176.00 823.93
176.50 677.01
177.00 689.23
177.50 692.71
178.00 701.34
178.50 717.20
179.00 724.71
179.50 297.98
180.00 463.73
180.50 702.51
181.00 705.91
181.50 765.86
182.00 687.13
182.50 742.81
183.00 709.04
183.50 767.85
184.00 735.84
184.50 399.33
185.00 709.23
185.50 756.02
186.00 758.63
186.50 792.14
187.00 859.86
187.50 768.54
188.00 637.59
188.50 725.79
189.00 670.74
189.50 694.13
190.00 747.46
190.50 715.66
191.00 703.62
191.50 836.58
192.00 672.58
192.50 728.23
193.00 761.67
193.50 551.26
194.00 729.84
194.50 674.49
195.00 773.85
195.50 271.81
196.00 715.69
196.50 710.65
197.00 728.80
197.50 682.49
198.00 398.50
198.50 858.11
199.00 826.44
199.50 835.32
200.00 819.43
200.50 755.41
201.00 826.05
201.50 809.80
202.00 730.37
202.50 708.30
203.00 716.23
203.50 684.87
204.00 734.80
204.50 706.80
205.00 15.26
205.50 0.00
206.00 63.68
206.50 167.48
207.00 565.83
207.50 790.26
208.00 822.98
208.50 788.53
209.00 718.80
209.50 187.56
210.00 565.42
210.50 692.45
211.00 745.02
211.50 817.83
212.00 309.88
212.50 797.60
213.00 708.09
213.50 680.13
214.00 717.12
214.50 692.77
215.00 726.02
215.50 718.64
216.00 451.21
216.50 682.23
217.00 693.34
217.50 838.72
218.00 711.48
218.50 426.32
219.00 676.49
219.50 727.34
220.00 806.72
220.50 815.06
221.00 828.52
221.50 675.98
222.00 737.46
222.50 681.61
223.00 696.18
223.50 845.06
224.00 362.62
224.50 596.72
225.00 728.82
225.50 799.92
226.00 773.13
226.50 763.09
227.00 789.69
227.50 779.13
228.00 682.63
228.50 900.00
229.00 698.30
229.50 728.64
230.00 703.34
230.50 737.32
231.00 700.17
231.50 679.72
232.00 470.83
232.50 503.19
233.00 609.00
233.50 826.52
234.00 708.94
234.50 710.68
235.00 728.18
235.50 770.21
236.00 776.56
236.50 744.79
237.00 679.09
237.50 199.22
238.00 643.72
238.50 847.85
239.00 693.74
239.50 683.58
240.00 753.39
240.50 743.41
241.00 687.66
241.50 738.00
242.00 719.71
242.50 693.33
243.00 727.79
243.50 683.65
244.00 745.83
244.50 720.65
245.00 712.65
245.50 753.99
246.00 718.52
246.50 683.48
247.00 732.58
247.50 668.82
248.00 742.50
248.50 712.83
249.00 757.65
249.50 749.70
250.00 820.96
250.50 782.11
251.00 730.94
251.50 710.49
252.00 777.67
252.50 725.08
253.00 665.60
253.50 739.12
254.00 693.15
254.50 699.12
255.00 746.92
255.50 678.95
256.00 753.32
256.50 825.98
257.00 697.44
257.50 741.47
258.00 699.23
258.50 679.33
259.00 714.43
259.50 727.19
260.00 710.07
260.50 741.14
261.00 718.39
261.50 723.56
262.00 764.26
262.50 681.37
263.00 754.01
263.50 693.54
264.00 726.47
264.50 677.11
265.00 686.67
265.50 769.18
266.00 738.32
266.50 710.55
267.00 796.25
267.50 722.79
268.00 742.27
268.50 717.40
269.00 784.56
269.50 803.20
270.00 674.11
270.50 730.82
271.00 758.13
271.50 779.32
272.00 753.00
272.50 790.17
273.00 744.94
273.50 711.54
274.00 705.21
274.50 744.63
275.00 746.28
275.50 683.91
276.00 699.44
276.50 737.95
277.00 756.31
277.50 673.08
278.00 758.44
278.50 738.68
279.00 735.47
279.50 760.96
280.00 776.99
280.50 749.73
281.00 725.09
281.50 699.68
282.00 680.76
282.50 733.41
283.00 733.53
283.50 768.51
284.00 802.75
284.50 744.40
285.00 739.08
285.50 692.78
286.00 700.24
286.50 785.29
287.00 749.93
287.50 750.62
288.00 734.32
288.50 761.95
289.00 735.42
289.50 687.21
290.00 701.96
290.50 675.01
291.00 754.94
291.50 757.27
292.00 768.16
292.50 729.80
293.00 488.96
293.50 793.36
294.00 825.74
294.50 849.46
295.00 851.66
295.50 530.58
296.00 683.08
296.50 736.35
297.00 831.34
297.50 867.37
298.00 854.65
298.50 710.94
299.00 900.00
299.50 718.33
