0.00 123.40
0.50 161.86
1.00 44.44
1.50 15.61
2.00 0.00
2.50 0.00
3.00 691.05
3.50 735.11
4.00 767.24
4.50 738.18
5.00 763.01
5.50 900.00
6.00 629.83
6.50 251.84
7.00 341.71
7.50 65.41
8.00 295.14
8.50 351.77
9.00 787.17
9.50 743.77
10.00 0.00
10.50 0.00
11.00 844.41
11.50 561.52
12.00 767.36
12.50 580.51
13.00 528.42
13.50 625.51
14.00 727.11
14.50 729.31
15.00 766.19
15.50 749.52
16.00 823.29
16.50 838.34
17.00 734.21
17.50 211.02
18.00 4.84
18.50 231.71
19.00 208.99
19.50 704.58
20.00 854.49
20.50 791.76
21.00 878.13
21.50 826.82
22.00 686.03
22.50 0.00
23.00 63.97
23.50 682.30
24.00 0.01
24.50 7.39
25.00 0.00
25.50 0.02
26.00 768.23
26.50 842.32
27.00 863.91
27.50 748.53
28.00 730.00
28.50 704.04
29.00 533.12
29.50 506.69
30.00 787.37
30.50 817.69
31.00 763.14
31.50 760.71
32.00 609.51
32.50 453.09
33.00 731.17
33.50 815.26
34.00 848.96
34.50 836.05
35.00 769.89
35.50 712.39
36.00 696.12
36.50 713.87
37.00 740.58
37.50 880.69
38.00 686.83
38.50 810.00
39.00 725.37
39.50 701.28
40.00 701.05
40.50 689.19
41.00 820.31
41.50 734.67
42.00 572.01
42.50 796.24
43.00 708.68
43.50 0.00
44.00 519.16
44.50 220.46
45.00 615.49
45.50 719.71
46.00 124.86
46.50 0.02
47.00 75.38
47.50 770.34
48.00 754.73
48.50 713.92
49.00 735.37
49.50 176.34
50.00 610.37
50.50 528.33
51.00 9.25
51.50 0.02
52.00 851.21
52.50 716.60
53.00 857.30
53.50 741.56
54.00 800.76
54.50 388.22
55.00 529.64
55.50 663.26
56.00 713.30
56.50 635.10
57.00 710.11
57.50 742.81
58.00 852.46
58.50 827.93
59.00 853.89
59.50 712.87
60.00 727.76
60.50 728.30
61.00 597.37
61.50 721.92
62.00 698.07
62.50 732.06
63.00 746.65
63.50 665.47
64.00 742.20
64.50 729.80
65.00 555.94
65.50 708.69
66.00 735.94
66.50 724.38
67.00 713.71
67.50 189.08
68.00 0.00
68.50 542.93
69.00 12.02
69.50 0.00
70.00 0.01
70.50 416.02
71.00 0.03
71.50 0.00
72.00 0.00
72.50 0.00
73.00 197.97
73.50 542.40
74.00 733.29
74.50 707.29
75.00 717.05
75.50 741.41
76.00 696.96
76.50 697.44
77.00 678.73
77.50 733.00
78.00 746.23
78.50 718.99
79.00 728.81
79.50 740.27
80.00 740.24
80.50 675.37
81.00 733.81
81.50 771.00
82.00 807.08
82.50 788.45
83.00 745.71
83.50 745.37
84.00 749.87
84.50 800.17
85.00 736.51
85.50 744.40
86.00 775.59
86.50 746.73
87.00 783.46
87.50 713.79
88.00 664.39
88.50 758.14
89.00 717.20
89.50 759.32
90.00 707.71
90.50 753.69
91.00 800.03
91.50 773.11
92.00 738.81
92.50 734.96
93.00 788.97
93.50 723.75
94.00 701.55
94.50 692.12
95.00 717.91
95.50 758.73
96.00 674.18
96.50 749.71
97.00 790.55
97.50 756.45
98.00 679.72
98.50 473.11
99.00 607.35
99.50 730.79
100.00 258.24
100.50 871.72
101.00 795.27
101.50 751.83
102.00 711.12
102.50 802.12
103.00 857.20
103.50 690.21
104.00 755.71
104.50 702.07
105.00 802.90
105.50 722.21
106.00 557.27
106.50 858.91
107.00 713.42
107.50 863.64
108.00 752.72
108.50 729.51
109.00 601.99
109.50 713.62
110.00 852.41
110.50 846.10
111.00 785.76
111.50 696.14
112.00 887.17
112.50 800.00
113.00 690.96
113.50 711.43
114.00 702.55
114.50 764.56
115.00 719.06
115.50 771.08
116.00 690.79
116.50 727.33
117.00 669.56
117.50 719.25
118.00 666.34
118.50 716.23
119.00 695.48
119.50 711.94
120.00 734.81
120.50 433.28
121.00 703.38
121.50 718.50
122.00 687.42
122.50 669.06
123.00 785.77
123.50 711.38
124.00 743.66
124.50 718.16
125.00 795.15
125.50 784.20
126.00 804.71
126.50 750.28
127.00 708.43
127.50 0.01
128.00 785.77
128.50 66.71
129.00 74.74
129.50 67.33
130.00 399.95
130.50 681.42
131.00 731.35
131.50 554.00
132.00 726.00
132.50 757.18
133.00 785.92
133.50 154.42
134.00 550.44
134.50 796.37
135.00 75.86
135.50 0.00
136.00 0.02
136.50 0.00
137.00 0.01
137.50 625.66
138.00 757.31
138.50 775.16
139.00 700.02
139.50 760.49
140.00 327.62
140.50 424.69
141.00 154.25
141.50 2.29
142.00 127.08
142.50 643.79
143.00 700.74
143.50 743.07
144.00 718.80
144.50 745.06
145.00 681.00
145.50 863.08
146.00 675.20
146.50 724.67
147.00 842.13
147.50 826.84
148.00 768.02
148.50 672.96
149.00 753.99
149.50 748.97
150.00 739.38
150.50 776.47
151.00 740.28
151.50 799.67
152.00 734.59
152.50 736.72
153.00 753.81
153.50 768.08
154.00 726.62
154.50 730.60
155.00 752.15
155.50 721.26
156.00 707.80
156.50 715.78
157.00 774.23
157.50 750.55
158.00 716.21
158.50 697.17
159.00 755.76
159.50 720.87
160.00 712.45
160.50 790.73
161.00 733.52
161.50 767.64
162.00 775.29
162.50 792.70
163.00 714.46
163.50 765.92
164.00 740.73
164.50 763.15
165.00 746.29
165.50 732.38
166.00 729.63
166.50 704.27
167.00 722.28
167.50 715.62
168.00 729.99
168.50 748.44
169.00 730.68
169.50 777.66
170.00 705.21
170.50 709.84
171.00 683.89
171.50 693.84
172.00 701.86
172.50 812.12
173.00 730.61
173.50 740.10
174.00 759.92
174.50 722.21
175.00 775.41
175.50 814.64
176.00 843.12
176.50 691.21
177.00 702.56
177.50 718.66
178.00 736.75
178.50 730.28
179.00 824.12
179.50 302.64
180.00 754.81
180.50 690.23
181.00 699.50
181.50 736.33
182.00 712.61
182.50 726.03
183.00 717.79
183.50 740.07
184.00 697.34
184.50 700.33
185.00 711.03
185.50 694.68
186.00 724.45
186.50 772.06
187.00 708.83
187.50 698.88
188.00 735.07
188.50 761.68
189.00 679.32
189.50 761.13
190.00 678.57
190.50 828.84
191.00 837.26
191.50 523.21
192.00 568.36
192.50 712.85
193.00 680.46
193.50 0.00
194.00 0.00
194.50 0.00
195.00 0.00
195.50 0.02
196.00 0.00
196.50 0.00
197.00 0.00
197.50 0.00
198.00 0.03
198.50 0.00
199.00 0.00
199.50 0.01
200.00 124.06
200.50 58.68
201.00 64.69
201.50 0.00
202.00 0.01
202.50 0.00
203.00 0.00
203.50 0.03
204.00 570.84
204.50 470.11
205.00 826.88
205.50 863.23
206.00 812.96
206.50 710.69
207.00 733.23
207.50 854.97
208.00 816.10
208.50 169.27
209.00 151.19
209.50 13.05
210.00 204.55
210.50 373.96
211.00 583.03
211.50 617.90
212.00 853.98
212.50 842.25
213.00 110.19
213.50 124.66
214.00 386.39
214.50 836.23
215.00 845.00
215.50 830.93
216.00 0.00
216.50 138.25
217.00 491.10
217.50 766.01
218.00 859.27
218.50 854.66
219.00 853.60
219.50 835.44
220.00 836.86
220.50 693.86
221.00 712.69
221.50 743.70
222.00 757.08
222.50 761.90
223.00 760.13
223.50 443.86
224.00 684.36
224.50 702.12
225.00 811.28
225.50 709.68
226.00 589.46
226.50 707.01
227.00 537.67
227.50 715.99
228.00 701.34
228.50 866.11
229.00 830.86
229.50 697.37
230.00 706.65
230.50 750.85
231.00 724.06
231.50 707.58
232.00 862.23
232.50 792.85
233.00 900.00
233.50 692.55
234.00 693.66
234.50 682.69
235.00 616.25
235.50 729.96
236.00 746.49
236.50 713.93
237.00 695.49
237.50 697.19
238.00 681.20
238.50 681.92
239.00 745.30
239.50 827.51
240.00 702.02
240.50 724.66
241.00 791.52
241.50 437.57
242.00 514.09
242.50 776.71
243.00 746.04
243.50 800.99
244.00 809.01
244.50 805.44
245.00 700.40
245.50 832.37
246.00 822.91
246.50 725.98
247.00 790.74
247.50 755.95
248.00 705.05
248.50 801.75
249.00 700.12
249.50 744.65
250.00 646.53
250.50 878.34
251.00 685.72
251.50 698.53
252.00 689.18
252.50 238.35
253.00 803.19
253.50 362.51
254.00 650.09
254.50 715.74
255.00 782.73
255.50 714.93
256.00 858.19
256.50 723.67
257.00 712.22
257.50 853.78
258.00 717.36
258.50 793.63
259.00 686.80
259.50 493.28
260.00 725.12
260.50 712.30
261.00 696.02
261.50 776.12
262.00 431.33
262.50 496.05
263.00 714.58
263.50 719.55
264.00 745.03
264.50 692.79
265.00 720.65
265.50 628.94
266.00 808.56
266.50 752.51
267.00 846.73
267.50 823.96
268.00 766.20
268.50 857.98
269.00 691.71
269.50 795.75
270.00 700.85
270.50 697.81
271.00 792.89
271.50 702.45
272.00 760.44
272.50 719.61
273.00 712.72
273.50 172.49
274.00 818.00
274.50 707.63
275.00 708.90
275.50 720.89
276.00 718.64
276.50 783.54
277.00 788.42
277.50 795.02
278.00 828.58
278.50 661.70
279.00 705.42
279.50 628.64
280.00 677.25
280.50 691.36
281.00 828.14
281.50 702.32
282.00 708.58
282.50 694.72
283.00 835.53
283.50 694.35
284.00 707.71
284.50 658.95
285.00 813.93
285.50 776.34
286.00 725.56
286.50 689.91
287.00 710.21
287.50 709.18
288.00 751.93
288.50 851.17
289.00 703.51
289.50 789.11
290.00 70.18
290.50 536.46
291.00 721.01
291.50 727.28
292.00 723.97
292.50 728.13
293.00 169.51
293.50 631.18
294.00 737.78
294.50 784.69
295.00 699.59
295.50 680.74
296.00 707.88
296.50 738.07
297.00 812.22
297.50 511.56
298.00 679.21
298.50 711.29
299.00 698.30
299.50 725.27
