0.00 0.00
0.50 0.00
1.00 0.00
1.50 660.83
2.00 724.31
2.50 728.20
3.00 829.59
3.50 724.71
4.00 672.04
4.50 814.19
5.00 771.45
5.50 723.39
6.00 752.89
6.50 769.96
7.00 749.93
7.50 823.00
8.00 831.10
8.50 849.05
9.00 889.88
9.50 734.95
10.00 683.09
10.50 767.64
11.00 720.54
11.50 720.50
12.00 743.63
12.50 273.59
13.00 548.69
13.50 770.18
14.00 541.62
14.50 745.12
15.00 746.35
15.50 713.65
16.00 83.67
16.50 44.44
17.00 712.55
17.50 667.39
18.00 730.33
18.50 705.88
19.00 750.65
19.50 745.70
20.00 688.41
20.50 705.38
21.00 708.74
21.50 768.42
22.00 828.83
22.50 818.16
23.00 879.97
23.50 813.45
24.00 831.75
24.50 0.03
25.00 563.90
25.50 485.89
26.00 554.77
26.50 824.38
27.00 798.99
27.50 0.00
28.00 452.92
28.50 882.58
29.00 710.49
29.50 730.76
30.00 841.40
30.50 816.17
31.00 848.04
31.50 556.31
32.00 350.87
32.50 81.58
33.00 457.61
33.50 0.01
34.00 79.17
34.50 0.56
35.00 760.07
35.50 703.38
36.00 64.69
36.50 15.56
37.00 154.42
37.50 96.68
38.00 308.27
38.50 42.68
39.00 155.22
39.50 85.84
40.00 0.00
40.50 850.13
41.00 828.67
41.50 837.24
42.00 786.34
42.50 862.50
43.00 833.08
43.50 749.38
44.00 705.97
44.50 792.91
45.00 759.46
45.50 726.75
46.00 763.33
46.50 770.71
47.00 670.26
47.50 737.74
48.00 700.13
48.50 749.51
49.00 778.30
49.50 719.34
50.00 770.29
50.50 720.18
51.00 714.90
51.50 733.74
52.00 740.29
52.50 765.53
53.00 775.41
53.50 738.43
54.00 715.97
54.50 717.50
55.00 705.05
55.50 735.93
56.00 734.41
56.50 698.35
57.00 741.75
57.50 756.07
58.00 780.13
58.50 730.40
59.00 698.53
59.50 737.72
60.00 740.29
60.50 683.03
61.00 778.11
61.50 694.97
62.00 733.09
62.50 697.56
63.00 734.59
63.50 702.38
64.00 764.87
64.50 765.04
65.00 780.24
65.50 730.79
66.00 668.10
66.50 698.17
67.00 691.43
67.50 746.54
68.00 711.76
68.50 705.78
69.00 755.64
69.50 721.96
70.00 834.20
70.50 657.07
71.00 773.04
71.50 683.95
72.00 784.41
72.50 755.11
73.00 729.14
73.50 704.50
74.00 754.03
74.50 742.93
75.00 723.88
75.50 731.08
76.00 723.99
76.50 777.98
77.00 765.44
77.50 707.94
78.00 789.51
78.50 759.08
79.00 772.03
79.50 767.29
80.00 721.97
80.50 713.16
81.00 752.29
81.50 708.35
82.00 776.81
82.50 754.48
83.00 757.04
83.50 754.74
84.00 715.39
84.50 688.52
85.00 732.86
85.50 733.47
86.00 744.96
86.50 766.11
87.00 698.37
87.50 717.45
88.00 790.30
88.50 715.78
89.00 692.42
89.50 731.09
90.00 694.18
90.50 764.49
91.00 760.91
91.50 734.93
92.00 735.81
92.50 695.33
93.00 734.70
93.50 722.70
94.00 672.73
94.50 710.80
95.00 734.41
95.50 717.79
96.00 760.82
96.50 722.00
97.00 744.30
97.50 796.55
98.00 795.76
98.50 755.46
99.00 726.75
99.50 0.00
100.00 588.26
100.50 871.22
101.00 849.44
101.50 841.83
102.00 845.40
102.50 151.31
103.00 549.09
103.50 763.92
104.00 867.51
104.50 857.64
105.00 735.81
105.50 700.33
106.00 306.57
106.50 157.81
107.00 347.56
107.50 814.97
108.00 855.07
108.50 817.12
109.00 804.56
109.50 837.44
110.00 867.78
110.50 748.25
111.00 842.00
111.50 837.24
112.00 801.99
112.50 458.23
113.00 686.05
113.50 734.50
114.00 329.01
114.50 0.00
115.00 0.00
115.50 0.00
116.00 0.02
116.50 165.63
117.00 0.00
117.50 97.67
118.00 652.90
118.50 283.16
119.00 862.13
119.50 872.40
120.00 844.54
120.50 851.08
121.00 863.27
121.50 825.35
122.00 0.01
122.50 56.11
123.00 556.28
123.50 761.43
124.00 618.41
124.50 586.53
125.00 719.10
125.50 833.81
126.00 841.97
126.50 743.47
127.00 715.98
127.50 683.59
128.00 710.39
128.50 825.40
129.00 227.78
129.50 539.77
130.00 714.01
130.50 392.66
131.00 856.02
131.50 715.78
132.00 792.63
132.50 47.47
133.00 457.96
133.50 809.17
134.00 746.49
134.50 650.58
135.00 690.41
135.50 694.17
136.00 774.94
136.50 731.89
137.00 707.46
137.50 670.55
138.00 832.57
138.50 698.13
139.00 716.01
139.50 695.11
140.00 406.46
140.50 503.56
141.00 693.76
141.50 722.84
142.00 705.30
142.50 690.67
143.00 702.24
143.50 334.67
144.00 658.08
144.50 774.15
145.00 361.05
145.50 641.86
146.00 767.13
146.50 700.00
147.00 818.89
147.50 864.00
148.00 725.59
148.50 701.18
149.00 695.10
149.50 662.01
150.00 731.45
150.50 769.55
151.00 838.23
151.50 748.92
152.00 790.97
152.50 378.98
153.00 762.54
153.50 738.97
154.00 790.80
154.50 830.65
155.00 666.66
155.50 686.35
156.00 690.35
156.50 795.20
157.00 707.46
157.50 738.76
158.00 771.00
158.50 568.42
159.00 703.97
159.50 798.29
160.00 244.24
160.50 762.98
161.00 719.58
161.50 699.30
162.00 697.97
162.50 319.23
163.00 609.50
163.50 700.70
164.00 726.23
164.50 549.73
165.00 854.78
165.50 737.84
166.00 733.88
166.50 760.53
167.00 728.41
167.50 713.41
168.00 635.12
168.50 741.88
169.00 697.17
169.50 683.65
170.00 794.07
170.50 695.50
171.00 683.53
171.50 757.29
172.00 826.26
172.50 0.00
173.00 545.10
173.50 694.87
174.00 723.99
174.50 825.01
175.00 855.29
175.50 718.73
176.00 546.03
176.50 666.21
177.00 736.12
177.50 751.74
178.00 785.83
178.50 791.25
179.00 691.47
179.50 845.99
180.00 841.01
180.50 753.66
181.00 728.60
181.50 652.15
182.00 710.63
182.50 370.22
183.00 699.16
183.50 771.28
184.00 803.89
184.50 809.97
185.00 642.01
185.50 680.92
186.00 723.30
186.50 716.89
187.00 713.95
187.50 721.73
188.00 0.00
188.50 500.38
189.00 766.15
189.50 714.61
190.00 778.22
190.50 697.11
191.00 424.22
191.50 712.86
192.00 842.51
192.50 822.67
193.00 504.74
193.50 725.79
194.00 840.28
194.50 523.59
195.00 719.72
195.50 766.64
196.00 726.67
196.50 666.02
197.00 655.87
197.50 195.02
198.00 64.07
198.50 204.20
199.00 629.47
199.50 55.14
200.00 593.78
200.50 694.00
201.00 21.75
201.50 100.12
202.00 495.47
202.50 432.62
203.00 726.91
203.50 794.42
204.00 183.30
204.50 42.03
205.00 699.31
205.50 538.38
206.00 387.36
206.50 564.26
207.00 874.92
207.50 862.14
208.00 807.25
208.50 767.59
209.00 757.72
209.50 754.43
210.00 556.94
210.50 93.23
211.00 53.74
211.50 585.03
212.00 675.71
212.50 718.66
213.00 800.16
213.50 518.76
214.00 714.06
214.50 833.87
215.00 686.16
215.50 663.57
216.00 735.36
216.50 799.03
217.00 764.71
217.50 698.93
218.00 777.85
218.50 701.05
219.00 790.04
219.50 654.20
220.00 700.50
220.50 793.81
221.00 742.08
221.50 742.85
222.00 750.28
222.50 734.54
223.00 696.00
223.50 745.37
224.00 725.60
224.50 735.31
225.00 701.78
225.50 784.31
226.00 761.79
226.50 736.79
227.00 782.91
227.50 729.85
228.00 726.71
228.50 738.42
229.00 771.25
229.50 721.67
230.00 787.76
230.50 699.10
231.00 687.77
231.50 776.00
232.00 705.22
232.50 723.86
233.00 729.49
233.50 736.83
234.00 693.48
234.50 742.88
235.00 715.83
235.50 726.78
236.00 718.69
236.50 704.63
237.00 824.17
237.50 671.92
238.00 765.20
238.50 710.33
239.00 699.99
239.50 717.07
240.00 691.71
240.50 741.18
241.00 756.99
241.50 761.87
242.00 733.06
242.50 721.39
243.00 699.07
243.50 707.57
244.00 709.11
244.50 678.32
245.00 710.43
245.50 734.49
246.00 713.64
246.50 675.56
247.00 700.91
247.50 772.50
248.00 713.91
248.50 767.24
249.00 754.55
249.50 774.68
250.00 680.36
250.50 769.81
251.00 741.79
251.50 748.93
252.00 673.82
252.50 760.71
253.00 709.40
253.50 715.60
254.00 731.45
254.50 735.88
255.00 734.47
255.50 752.89
256.00 738.89
256.50 700.80
257.00 761.39
257.50 730.05
258.00 739.51
258.50 691.31
259.00 722.99
259.50 709.28
260.00 717.76
260.50 784.96
261.00 769.49
261.50 762.58
262.00 729.13
262.50 719.34
263.00 735.36
263.50 731.81
264.00 702.24
264.50 702.66
265.00 748.01
265.50 770.41
266.00 763.68
266.50 707.09
267.00 752.11
267.50 726.70
268.00 698.09
268.50 765.17
269.00 744.73
269.50 706.58
270.00 700.52
270.50 709.08
271.00 725.81
271.50 742.37
272.00 730.20
272.50 761.27
273.00 712.65
273.50 717.05
274.00 708.46
274.50 746.50
275.00 732.38
275.50 669.80
276.00 707.96
276.50 767.47
277.00 677.27
277.50 738.04
278.00 750.06
278.50 732.19
279.00 736.40
279.50 750.67
280.00 758.83
280.50 658.58
281.00 734.18
281.50 767.24
282.00 701.30
282.50 702.57
283.00 704.42
283.50 779.23
284.00 759.03
284.50 665.82
285.00 703.72
285.50 767.54
286.00 857.07
286.50 866.85
287.00 807.84
287.50 219.41
288.00 618.06
288.50 662.45
289.00 507.97
289.50 549.54
290.00 724.48
290.50 815.07
291.00 816.76
291.50 798.92
292.00 900.00
292.50 721.19
293.00 752.15
293.50 98.47
294.00 887.37
294.50 678.62
295.00 797.45
295.50 741.90
296.00 693.62
296.50 513.49
297.00 618.68
297.50 653.22
298.00 706.93
298.50 770.39
299.00 584.15
299.50 558.33
