0.00 786.26
0.50 871.15
1.00 843.98
1.50 875.31
2.00 813.35
2.50 149.50
3.00 0.00
3.50 281.70
4.00 0.01
4.50 0.01
5.00 417.15
5.50 687.91
6.00 514.08
6.50 499.18
7.00 341.85
7.50 752.89
8.00 98.01
8.50 0.02
9.00 0.01
9.50 0.00
10.00 0.00
10.50 0.00
11.00 219.50
11.50 0.00
12.00 0.01
12.50 10.00
13.00 596.09
13.50 467.57
14.00 720.39
14.50 858.54
15.00 819.77
15.50 763.10
16.00 741.62
16.50 854.71
17.00 884.70
17.50 883.19
18.00 0.00
18.50 554.95
19.00 537.68
19.50 808.16
20.00 755.16
20.50 777.88
21.00 880.42
21.50 838.39
22.00 827.15
22.50 860.17
23.00 843.30
23.50 719.25
24.00 714.96
24.50 871.17
25.00 840.20
25.50 746.18
26.00 746.61
26.50 670.89
27.00 770.07
27.50 759.51
28.00 777.48
28.50 706.32
29.00 731.74
29.50 738.95
30.00 719.74
30.50 712.71
31.00 717.24
31.50 724.99
32.00 784.18
32.50 761.89
33.00 751.33
33.50 751.42
34.00 729.38
34.50 780.02
35.00 747.68
35.50 704.22
36.00 710.70
36.50 732.66
37.00 751.21
37.50 698.92
38.00 773.03
38.50 750.41
39.00 711.58
39.50 745.57
40.00 728.30
40.50 759.74
41.00 734.02
41.50 762.51
42.00 736.03
42.50 721.33
43.00 729.71
43.50 730.47
44.00 672.15
44.50 755.07
45.00 676.08
45.50 708.97
46.00 748.22
46.50 769.75
47.00 750.59
47.50 312.16
48.00 677.60
48.50 816.73
49.00 860.36
49.50 847.70
50.00 768.14
50.50 655.66
51.00 455.07
51.50 695.44
52.00 739.54
52.50 727.91
53.00 716.31
53.50 736.60
54.00 725.90
54.50 887.28
55.00 712.11
55.50 730.61
56.00 718.44
56.50 612.57
57.00 719.64
57.50 703.35
58.00 709.44
58.50 699.92
59.00 693.43
59.50 347.21
60.00 650.76
60.50 821.71
61.00 724.84
61.50 721.67
62.00 758.55
62.50 723.64
63.00 781.12
63.50 726.83
64.00 698.54
64.50 758.62
65.00 685.96
65.50 739.58
66.00 760.39
66.50 675.81
67.00 723.27
67.50 791.39
68.00 780.59
68.50 734.09
69.00 687.76
69.50 751.67
70.00 791.24
70.50 745.05
71.00 754.29
71.50 760.77
72.00 641.12
72.50 776.75
73.00 676.00
73.50 699.14
74.00 740.35
74.50 750.60
75.00 751.86
75.50 748.94
76.00 742.17
76.50 715.09
77.00 780.16
77.50 779.26
78.00 689.78
78.50 764.92
79.00 723.92
79.50 702.20
80.00 755.34
80.50 756.83
81.00 742.35
81.50 742.95
82.00 714.46
82.50 692.47
83.00 748.54
83.50 719.42
84.00 726.50
84.50 714.88
85.00 699.84
85.50 729.91
86.00 709.04
86.50 723.40
87.00 739.69
87.50 753.87
88.00 730.83
88.50 720.24
89.00 743.41
89.50 744.73
90.00 702.99
90.50 762.65
91.00 685.29
91.50 743.71
92.00 770.39
92.50 801.82
93.00 717.13
93.50 738.69
94.00 696.03
94.50 720.95
95.00 716.72
95.50 765.92
96.00 722.36
96.50 637.22
97.00 761.54
97.50 737.08
98.00 744.49
98.50 690.14
99.00 763.21
99.50 730.80
100.00 762.35
100.50 701.58
101.00 731.89
101.50 764.09
102.00 762.41
102.50 756.36
103.00 703.72
103.50 730.86
104.00 692.47
104.50 743.10
105.00 767.79
105.50 740.79
106.00 713.32
106.50 760.11
107.00 709.39
107.50 765.59
108.00 738.06
108.50 787.72
109.00 683.19
109.50 706.16
110.00 705.83
110.50 752.31
111.00 755.66
111.50 691.34
112.00 708.30
112.50 858.08
113.00 748.47
113.50 737.79
114.00 794.47
114.50 725.52
115.00 793.56
115.50 733.12
116.00 722.16
116.50 686.96
117.00 704.57
117.50 714.95
118.00 701.89
118.50 713.66
119.00 682.28
119.50 720.96
120.00 702.40
120.50 697.75
121.00 417.88
121.50 593.91
122.00 679.09
122.50 685.42
123.00 710.60
123.50 698.14
124.00 347.91
124.50 639.56
125.00 872.30
125.50 722.98
126.00 891.41
126.50 715.51
127.00 756.29
127.50 752.02
128.00 748.85
128.50 733.39
129.00 759.35
129.50 729.67
130.00 678.62
130.50 758.77
131.00 714.24
131.50 694.83
132.00 771.09
132.50 781.81
133.00 709.62
133.50 688.85
134.00 748.58
134.50 730.17
135.00 773.60
135.50 727.91
136.00 704.33
136.50 728.67
137.00 707.75
137.50 757.46
138.00 703.46
138.50 731.43
139.00 730.87
139.50 742.99
140.00 744.93
140.50 756.18
141.00 764.03
141.50 728.02
142.00 731.71
142.50 745.81
143.00 753.82
143.50 749.95
144.00 732.31
144.50 775.38
145.00 777.58
145.50 686.48
146.00 669.45
146.50 740.07
147.00 746.66
147.50 717.99
148.00 747.12
148.50 740.48
149.00 765.65
149.50 649.78
150.00 771.40
150.50 779.87
151.00 724.50
151.50 760.24
152.00 748.71
152.50 766.76
153.00 736.47
153.50 712.17
154.00 724.41
154.50 646.30
155.00 764.55
155.50 765.49
156.00 768.60
156.50 770.24
157.00 735.25
157.50 786.23
158.00 793.15
158.50 724.93
159.00 704.64
159.50 697.40
160.00 679.54
160.50 700.79
161.00 727.23
161.50 739.32
162.00 752.41
162.50 760.34
163.00 722.42
163.50 756.46
164.00 784.01
164.50 748.84
165.00 762.85
165.50 746.46
166.00 739.84
166.50 793.88
167.00 723.73
167.50 744.74
168.00 713.67
168.50 856.96
169.00 803.29
169.50 677.65
170.00 757.38
170.50 686.63
171.00 669.61
171.50 594.25
172.00 761.56
172.50 748.77
173.00 680.88
173.50 813.05
174.00 690.57
174.50 625.45
175.00 888.58
175.50 694.75
176.00 721.65
176.50 789.49
177.00 764.61
177.50 782.01
178.00 845.68
178.50 812.63
179.00 725.50
179.50 748.58
180.00 759.62
180.50 592.97
181.00 687.60
181.50 847.11
182.00 726.12
182.50 883.71
183.00 725.49
183.50 382.39
184.00 686.05
184.50 814.72
185.00 818.56
185.50 802.67
186.00 704.22
186.50 676.37
187.00 686.39
187.50 692.39
188.00 180.30
188.50 719.87
189.00 718.17
189.50 854.35
190.00 734.71
190.50 728.97
191.00 707.09
191.50 701.90
192.00 711.94
192.50 742.40
193.00 725.91
193.50 765.31
194.00 778.53
194.50 841.30
195.00 854.24
195.50 761.43
196.00 689.46
196.50 756.21
197.00 765.74
197.50 831.72
198.00 738.06
198.50 818.30
199.00 666.06
199.50 743.89
200.00 723.38
200.50 807.17
201.00 784.13
201.50 482.34
202.00 536.80
202.50 740.60
203.00 780.58
203.50 703.99
204.00 637.65
204.50 709.08
205.00 718.15
205.50 678.77
206.00 709.03
206.50 794.17
207.00 667.88
207.50 709.44
208.00 63.27
208.50 600.71
209.00 748.69
209.50 672.44
210.00 703.25
210.50 697.05
211.00 531.57
211.50 705.41
212.00 728.09
212.50 740.00
213.00 744.15
213.50 700.85
214.00 760.10
214.50 713.53
215.00 831.91
215.50 813.05
216.00 863.09
216.50 719.83
217.00 821.82
217.50 346.94
218.00 611.50
218.50 669.83
219.00 770.91
219.50 727.91
220.00 363.17
220.50 715.40
221.00 719.17
221.50 721.72
222.00 697.91
222.50 703.33
223.00 842.15
223.50 899.60
224.00 728.29
224.50 713.93
225.00 719.18
225.50 705.18
226.00 733.08
226.50 596.89
227.00 690.98
227.50 772.52
228.00 719.12
228.50 656.82
229.00 730.96
229.50 700.77
230.00 758.51
230.50 773.18
231.00 389.42
231.50 679.44
232.00 795.80
232.50 834.54
233.00 763.95
233.50 709.51
234.00 296.87
234.50 751.50
235.00 685.93
235.50 718.29
236.00 702.42
236.50 715.16
237.00 717.55
237.50 733.73
238.00 798.30
238.50 759.02
239.00 728.08
239.50 708.37
240.00 687.16
240.50 670.09
241.00 731.74
241.50 779.83
242.00 755.99
242.50 718.69
243.00 710.60
243.50 720.83
244.00 682.36
244.50 753.18
245.00 735.16
245.50 753.61
246.00 681.48
246.50 691.34
247.00 745.26
247.50 723.16
248.00 762.48
248.50 693.71
249.00 695.70
249.50 773.68
250.00 744.92
250.50 721.08
251.00 709.38
251.50 708.90
252.00 713.28
252.50 693.34
253.00 669.98
253.50 723.54
254.00 765.96
254.50 799.93
255.00 772.58
255.50 742.90
256.00 757.31
256.50 744.16
257.00 701.66
257.50 731.55
258.00 759.49
258.50 746.54
259.00 710.59
259.50 737.47
260.00 755.13
260.50 762.75
261.00 694.36
261.50 681.64
262.00 739.47
262.50 692.18
263.00 772.06
263.50 769.68
264.00 766.81
264.50 743.95
265.00 742.33
265.50 766.56
266.00 754.58
266.50 783.74
267.00 717.60
267.50 745.51
268.00 744.26
268.50 750.11
269.00 636.60
269.50 697.47
270.00 705.66
270.50 685.08
271.00 741.43
271.50 747.34
272.00 690.74
272.50 703.18
273.00 760.47
273.50 739.73
274.00 785.42
274.50 745.37
275.00 728.94
275.50 736.10
276.00 738.22
276.50 754.62
277.00 734.00
277.50 728.14
278.00 742.52
278.50 720.44
279.00 763.59
279.50 745.73
280.00 739.00
280.50 690.56
281.00 792.11
281.50 799.63
282.00 714.89
282.50 756.50
283.00 727.39
283.50 776.61
284.00 754.66
284.50 690.89
285.00 699.84
285.50 727.71
286.00 767.52
286.50 718.90
287.00 693.82
287.50 703.08
288.00 675.52
288.50 46.10
289.00 0.00
289.50 283.61
290.00 0.02
290.50 447.75
291.00 767.20
291.50 729.26
292.00 724.42
292.50 745.47
293.00 741.88
293.50 769.51
294.00 702.81
294.50 735.96
295.00 791.27
295.50 767.08
296.00 723.51
296.50 802.21
297.00 751.22
297.50 698.56
298.00 755.58
298.50 714.36
299.00 768.76
299.50 725.46
