0.00 701.64
0.50 865.03
1.00 765.25
1.50 773.99
2.00 695.55
2.50 718.88
3.00 755.39
3.50 670.81
4.00 739.06
4.50 726.19
5.00 733.90
5.50 757.02
6.00 753.12
6.50 481.95
7.00 724.75
7.50 762.53
8.00 709.37
8.50 728.51
9.00 738.45
9.50 747.69
10.00 690.16
10.50 791.49
11.00 733.82
11.50 697.82
12.00 721.84
12.50 731.09
13.00 794.52
13.50 723.89
14.00 746.57
14.50 625.24
15.00 691.77
15.50 851.81
16.00 250.55
16.50 716.16
17.00 722.33
17.50 695.74
18.00 709.78
18.50 704.30
19.00 688.77
19.50 690.67
20.00 700.30
20.50 715.27
21.00 716.05
21.50 705.22
22.00 602.55
22.50 783.36
23.00 752.24
23.50 682.32
24.00 693.13
24.50 701.55
25.00 758.92
25.50 708.21
26.00 694.94
26.50 739.35
27.00 706.29
27.50 766.63
28.00 707.67
28.50 761.25
29.00 791.44
29.50 713.20
30.00 778.31
30.50 752.82
31.00 767.98
31.50 726.41
32.00 712.08
32.50 731.97
33.00 760.30
33.50 688.12
34.00 752.27
34.50 632.38
35.00 725.86
35.50 19.86
36.00 73.04
36.50 0.00
37.00 0.00
37.50 0.00
38.00 751.28
38.50 808.87
39.00 648.77
39.50 434.97
40.00 840.20
40.50 96.32
41.00 718.73
41.50 687.50
42.00 0.08
42.50 117.98
43.00 134.35
43.50 26.15
44.00 393.50
44.50 724.88
45.00 473.33
45.50 617.61
46.00 766.18
46.50 842.13
47.00 808.81
47.50 828.43
48.00 828.96
48.50 847.34
49.00 531.31
49.50 707.13
50.00 834.51
50.50 856.39
51.00 721.07
51.50 725.61
52.00 840.49
52.50 824.24
53.00 861.67
53.50 839.21
54.00 857.24
54.50 843.21
55.00 857.86
55.50 823.19
56.00 841.42
56.50 841.18
57.00 153.75
57.50 464.70
58.00 392.18
58.50 726.85
59.00 751.69
59.50 767.36
60.00 730.97
60.50 729.01
61.00 729.90
61.50 726.63
62.00 728.95
62.50 756.90
63.00 751.03
63.50 776.23
64.00 821.77
64.50 697.77
65.00 735.31
65.50 730.00
66.00 787.66
66.50 740.17
67.00 730.68
67.50 706.83
68.00 774.74
68.50 708.68
69.00 751.16
69.50 699.80
70.00 666.95
70.50 751.53
71.00 722.61
71.50 780.31
72.00 686.91
72.50 762.39
73.00 750.43
73.50 746.58
74.00 791.82
74.50 779.72
75.00 772.00
75.50 719.22
76.00 790.61
76.50 761.53
77.00 717.09
77.50 759.81
78.00 698.55
78.50 749.25
79.00 746.95
79.50 688.35
80.00 744.25
80.50 684.47
81.00 761.55
81.50 774.17
82.00 774.85
82.50 754.57
83.00 791.16
83.50 758.38
84.00 708.27
84.50 707.57
85.00 731.79
85.50 771.02
86.00 720.51
86.50 715.06
87.00 215.73
87.50 0.00
88.00 0.01
88.50 0.00
89.00 0.00
89.50 0.02
90.00 87.52
90.50 0.01
91.00 710.09
91.50 746.19
92.00 875.58
92.50 844.90
93.00 862.52
93.50 841.55
94.00 146.39
94.50 0.02
95.00 886.60
95.50 867.11
96.00 844.65
96.50 828.89
97.00 728.46
97.50 0.00
98.00 0.00
98.50 0.00
99.00 0.05
99.50 409.63
100.00 863.96
100.50 738.66
101.00 738.66
101.50 714.59
102.00 772.13
102.50 691.40
103.00 710.45
103.50 708.68
104.00 733.40
104.50 700.25
105.00 767.09
105.50 762.23
106.00 732.25
106.50 772.56
107.00 768.35
107.50 714.81
108.00 761.38
108.50 700.06
109.00 742.69
109.50 749.90
110.00 779.14
110.50 734.00
111.00 705.68
111.50 690.91
112.00 693.23
112.50 723.12
113.00 805.30
113.50 733.99
114.00 750.47
114.50 750.12
115.00 758.79
115.50 723.08
116.00 741.84
116.50 764.39
117.00 761.29
117.50 715.23
118.00 731.20
118.50 736.68
119.00 750.19
119.50 749.28
120.00 691.37
120.50 772.08
121.00 719.67
121.50 743.75
122.00 738.44
122.50 714.94
123.00 718.19
123.50 757.00
124.00 790.73
124.50 739.17
125.00 723.92
125.50 787.86
126.00 676.39
126.50 765.72
127.00 766.69
127.50 717.69
128.00 744.07
128.50 774.06
129.00 738.38
129.50 780.98
130.00 736.31
130.50 697.42
131.00 756.91
131.50 712.52
132.00 727.55
132.50 768.19
133.00 777.29
133.50 665.28
134.00 762.10
134.50 691.29
135.00 740.57
135.50 706.27
136.00 727.98
136.50 742.27
137.00 761.94
137.50 719.37
138.00 761.49
138.50 766.89
139.00 715.30
139.50 774.31
140.00 771.55
140.50 712.31
141.00 770.78
141.50 715.52
142.00 718.90
142.50 813.54
143.00 667.27
143.50 733.96
144.00 705.04
144.50 709.81
145.00 706.61
145.50 700.70
146.00 731.00
146.50 715.69
147.00 748.26
147.50 774.38
148.00 767.65
148.50 731.18
149.00 725.77
149.50 721.05
150.00 727.20
150.50 749.64
151.00 751.50
151.50 713.56
152.00 792.63
152.50 753.54
153.00 721.53
153.50 736.78
154.00 783.81
154.50 716.34
155.00 734.79
155.50 704.80
156.00 803.98
156.50 663.64
157.00 728.06
157.50 649.71
158.00 659.60
158.50 720.33
159.00 756.77
159.50 659.95
160.00 742.73
160.50 753.09
161.00 746.08
161.50 712.99
162.00 764.06
162.50 738.55
163.00 755.76
163.50 727.84
164.00 709.49
164.50 722.85
165.00 779.03
165.50 743.57
166.00 736.80
166.50 704.41
167.00 768.11
167.50 0.01
168.00 374.27
168.50 432.23
169.00 546.59
169.50 729.33
170.00 743.07
170.50 750.42
171.00 828.27
171.50 252.28
172.00 737.44
172.50 854.50
173.00 847.16
173.50 871.75
174.00 900.00
174.50 465.43
175.00 309.75
175.50 691.48
176.00 614.84
176.50 689.78
177.00 768.92
177.50 805.09
178.00 833.68
178.50 673.05
179.00 819.75
179.50 843.58
180.00 843.13
180.50 723.38
181.00 740.12
181.50 850.77
182.00 851.43
182.50 820.11
183.00 826.89
183.50 895.31
184.00 836.45
184.50 801.74
185.00 856.69
185.50 676.54
186.00 271.52
186.50 732.37
187.00 827.43
187.50 834.97
188.00 880.22
188.50 873.48
189.00 833.44
189.50 770.31
190.00 705.55
190.50 835.10
191.00 733.15
191.50 735.02
192.00 804.16
192.50 791.84
193.00 711.59
193.50 691.65
194.00 733.02
194.50 651.59
195.00 689.50
195.50 900.00
196.00 595.65
196.50 709.89
197.00 720.05
197.50 524.13
198.00 693.82
198.50 823.74
199.00 765.04
199.50 733.00
200.00 690.11
200.50 828.30
201.00 900.00
201.50 715.77
202.00 735.42
202.50 710.58
203.00 659.92
203.50 713.17
204.00 694.54
204.50 586.30
205.00 758.62
205.50 796.94
206.00 428.18
206.50 610.69
207.00 900.00
207.50 734.26
208.00 742.01
208.50 814.17
209.00 900.00
209.50 711.46
210.00 728.52
210.50 724.59
211.00 712.13
211.50 834.10
212.00 524.81
212.50 635.67
213.00 761.80
213.50 816.11
214.00 725.23
214.50 702.88
215.00 704.09
215.50 842.67
216.00 690.60
216.50 621.87
217.00 682.27
217.50 720.95
218.00 874.14
218.50 732.36
219.00 708.05
219.50 830.62
220.00 712.92
220.50 771.16
221.00 808.00
221.50 723.96
222.00 784.18
222.50 685.69
223.00 715.66
223.50 712.50
224.00 692.20
224.50 726.88
225.00 694.83
225.50 730.41
226.00 509.86
226.50 718.98
227.00 720.92
227.50 700.17
228.00 765.43
228.50 724.32
229.00 695.66
229.50 663.18
230.00 587.72
230.50 705.87
231.00 719.45
231.50 806.58
232.00 721.84
232.50 332.24
233.00 795.11
233.50 856.63
234.00 738.81
234.50 710.42
235.00 705.87
235.50 694.20
236.00 706.80
236.50 737.87
237.00 654.83
237.50 676.55
238.00 687.05
238.50 393.70
239.00 655.63
239.50 759.66
240.00 794.93
240.50 732.42
241.00 717.41
241.50 727.05
242.00 840.97
242.50 802.65
243.00 693.63
243.50 331.83
244.00 650.07
244.50 829.00
245.00 716.83
245.50 748.27
246.00 509.11
246.50 809.02
247.00 856.93
247.50 812.60
248.00 700.19
248.50 684.41
249.00 206.75
249.50 782.53
250.00 726.19
250.50 710.01
251.00 798.03
251.50 679.07
252.00 713.88
252.50 749.62
253.00 877.56
253.50 774.99
254.00 786.49
254.50 743.77
255.00 711.73
255.50 709.79
256.00 723.06
256.50 769.08
257.00 707.07
257.50 725.41
258.00 761.30
258.50 689.63
259.00 722.00
259.50 821.18
260.00 242.42
260.50 617.65
261.00 741.52
261.50 720.15
262.00 849.21
262.50 807.87
263.00 850.89
263.50 686.32
264.00 709.29
264.50 706.04
265.00 697.45
265.50 829.63
266.00 857.67
266.50 708.70
267.00 690.14
267.50 844.38
268.00 738.16
268.50 712.11
269.00 679.72
269.50 746.63
270.00 766.51
270.50 769.11
271.00 736.72
271.50 781.72
272.00 842.58
272.50 866.88
273.00 851.31
273.50 708.11
274.00 701.65
274.50 758.16
275.00 573.67
275.50 0.00
276.00 0.00
276.50 0.01
277.00 0.00
277.50 0.00
278.00 0.02
278.50 0.00
279.00 720.66
279.50 757.88
280.00 163.35
280.50 481.73
281.00 586.95
281.50 51.30
282.00 640.29
282.50 839.59
283.00 863.71
283.50 846.70
284.00 811.94
284.50 829.37
285.00 867.13
285.50 699.86
286.00 868.59
286.50 849.83
287.00 810.07
287.50 835.58
288.00 852.21
288.50 831.31
289.00 836.11
289.50 881.43
290.00 519.04
290.50 712.51
291.00 821.91
291.50 847.37
292.00 839.54
292.50 781.75
293.00 721.76
293.50 747.19
294.00 727.73
294.50 735.98
295.00 741.17
295.50 789.00
296.00 725.35
296.50 0.01
297.00 0.02
297.50 0.01
298.00 92.07
298.50 0.00
299.00 60.95
299.50 98.82
