0.00 717.90
0.50 699.74
1.00 472.47
1.50 393.13
2.00 430.93
2.50 778.14
3.00 297.61
3.50 790.52
4.00 841.50
4.50 782.90
5.00 744.52
5.50 717.93
6.00 733.11
6.50 731.17
7.00 777.25
7.50 883.70
8.00 720.11
8.50 408.88
9.00 675.06
9.50 845.27
10.00 394.08
10.50 570.13
11.00 0.00
11.50 0.03
12.00 0.02
12.50 0.00
13.00 676.00
13.50 767.15
14.00 663.01
14.50 783.97
15.00 735.13
15.50 716.97
16.00 698.15
16.50 837.51
17.00 872.43
17.50 834.89
18.00 720.73
18.50 392.56
19.00 432.34
19.50 292.35
20.00 28.71
20.50 624.01
21.00 459.54
21.50 871.45
22.00 837.48
22.50 841.34
23.00 680.28
23.50 871.12
24.00 855.44
24.50 802.83
25.00 853.02
25.50 682.26
26.00 760.23
26.50 778.26
27.00 845.44
27.50 147.88
28.00 111.64
28.50 187.57
29.00 184.54
29.50 118.23
30.00 372.67
30.50 541.84
31.00 445.13
31.50 450.30
32.00 836.17
32.50 792.39
33.00 852.67
33.50 839.77
34.00 837.35
34.50 136.34
35.00 609.05
35.50 586.52
36.00 835.60
36.50 846.74
37.00 75.20
37.50 468.68
38.00 623.34
38.50 0.00
39.00 0.00
39.50 0.01
40.00 0.01
40.50 0.00
41.00 485.35
41.50 778.13
42.00 719.69
42.50 468.81
43.00 475.89
43.50 726.76
44.00 203.68
44.50 0.03
45.00 456.75
45.50 735.10
46.00 749.66
46.50 793.38
47.00 706.00
47.50 772.47
48.00 754.94
48.50 820.28
49.00 835.55
49.50 734.54
50.00 718.92
50.50 758.36
51.00 744.25
51.50 834.14
52.00 869.65
52.50 848.48
53.00 211.89
53.50 547.57
54.00 385.63
54.50 69.63
55.00 0.00
55.50 0.00
56.00 213.22
56.50 478.58
57.00 849.71
57.50 831.38
58.00 831.42
58.50 852.09
59.00 0.00
59.50 0.02
60.00 0.01
60.50 0.03
61.00 0.00
61.50 0.00
62.00 0.02
62.50 838.18
63.00 879.55
63.50 134.35
64.00 479.98
64.50 680.28
65.00 604.22
65.50 770.99
66.00 779.15
66.50 693.81
67.00 610.37
67.50 708.63
68.00 838.15
68.50 854.15
69.00 837.28
69.50 744.94
70.00 24.58
70.50 26.05
71.00 726.41
71.50 245.45
72.00 116.23
72.50 179.16
73.00 0.00
73.50 0.01
74.00 0.00
74.50 256.58
75.00 62.34
75.50 0.01
76.00 608.79
76.50 785.95
77.00 594.04
77.50 607.16
78.00 418.65
78.50 299.95
79.00 768.77
79.50 0.00
80.00 0.02
80.50 0.02
81.00 350.02
81.50 738.39
82.00 739.72
82.50 85.04
83.00 0.00
83.50 521.39
84.00 832.12
84.50 342.02
85.00 235.61
85.50 78.28
86.00 665.96
86.50 0.00
87.00 0.02
87.50 0.05
88.00 0.00
88.50 0.00
89.00 736.35
89.50 823.11
90.00 569.61
90.50 3.80
91.00 426.51
91.50 50.23
92.00 0.00
92.50 0.00
93.00 0.03
93.50 849.60
94.00 870.04
94.50 817.62
95.00 833.32
95.50 847.65
96.00 838.37
96.50 840.19
97.00 844.31
97.50 86.87
98.00 153.76
98.50 581.45
99.00 711.59
99.50 726.69
100.00 848.50
100.50 849.74
101.00 727.66
101.50 833.44
102.00 833.76
102.50 788.75
103.00 723.75
103.50 749.19
104.00 746.55
104.50 764.95
105.00 853.50
105.50 0.00
106.00 0.00
106.50 0.00
107.00 0.01
107.50 0.00
108.00 0.02
108.50 0.00
109.00 0.01
109.50 0.00
110.00 459.74
110.50 482.76
111.00 768.07
111.50 152.72
112.00 83.08
112.50 138.30
113.00 569.59
113.50 673.66
114.00 389.21
114.50 757.58
115.00 735.08
115.50 854.43
116.00 825.84
116.50 838.33
117.00 0.00
117.50 90.74
118.00 900.00
118.50 760.32
119.00 770.59
119.50 467.90
120.00 703.80
120.50 461.34
121.00 754.14
121.50 403.16
122.00 683.02
122.50 689.47
123.00 838.20
123.50 769.96
124.00 670.53
124.50 0.00
125.00 0.00
125.50 0.00
126.00 660.38
126.50 850.08
127.00 821.58
127.50 859.24
128.00 183.63
128.50 86.03
129.00 130.35
129.50 627.41
130.00 607.19
130.50 857.28
131.00 468.50
131.50 595.88
132.00 786.45
132.50 727.33
133.00 466.91
133.50 761.04
134.00 695.90
134.50 88.13
135.00 121.10
135.50 0.00
136.00 0.00
136.50 453.70
137.00 0.00
137.50 0.00
138.00 35.14
138.50 128.21
139.00 33.32
139.50 0.02
140.00 0.00
140.50 0.02
141.00 0.02
141.50 50.90
142.00 0.00
142.50 617.51
143.00 723.70
143.50 847.11
144.00 785.61
144.50 717.35
145.00 734.12
145.50 773.46
146.00 345.20
146.50 695.24
147.00 650.80
147.50 137.19
148.00 511.02
148.50 571.02
149.00 763.08
149.50 641.45
150.00 60.07
150.50 0.00
151.00 857.79
151.50 830.72
152.00 847.63
152.50 871.88
153.00 822.34
153.50 890.10
154.00 722.00
154.50 762.85
155.00 781.41
155.50 0.00
156.00 2.38
156.50 436.91
157.00 418.24
157.50 165.47
158.00 106.63
158.50 819.35
159.00 829.94
159.50 867.93
160.00 847.56
160.50 872.71
161.00 0.00
161.50 0.00
162.00 0.00
162.50 577.98
163.00 482.95
163.50 713.32
164.00 886.03
164.50 826.54
165.00 894.61
165.50 393.15
166.00 406.65
166.50 582.91
167.00 844.10
167.50 824.58
168.00 820.95
168.50 859.11
169.00 856.14
169.50 726.26
170.00 756.70
170.50 737.42
171.00 133.49
171.50 270.23
172.00 745.35
172.50 805.21
173.00 686.22
173.50 747.88
174.00 828.27
174.50 855.05
175.00 881.58
175.50 802.57
176.00 869.71
176.50 863.51
177.00 819.43
177.50 874.59
178.00 728.98
178.50 14.62
179.00 325.14
179.50 546.83
180.00 723.52
180.50 664.45
181.00 297.53
181.50 479.12
182.00 420.71
182.50 753.38
183.00 790.35
183.50 570.33
184.00 528.21
184.50 104.85
185.00 145.11
185.50 215.63
186.00 205.14
186.50 572.74
187.00 0.00
187.50 0.01
188.00 0.00
188.50 0.00
189.00 0.00
189.50 0.00
190.00 0.00
190.50 597.14
191.00 738.62
191.50 734.01
192.00 709.41
192.50 754.76
193.00 749.13
193.50 792.06
194.00 746.13
194.50 751.77
195.00 766.78
195.50 713.04
196.00 730.20
196.50 717.47
197.00 170.55
197.50 603.93
198.00 673.29
198.50 675.18
199.00 851.33
199.50 734.03
200.00 718.84
200.50 655.93
201.00 663.08
201.50 886.23
202.00 781.17
202.50 729.32
203.00 706.58
203.50 713.76
204.00 692.18
204.50 794.87
205.00 856.77
205.50 872.69
206.00 761.43
206.50 482.07
207.00 733.94
207.50 709.06
208.00 732.99
208.50 900.00
209.00 767.55
209.50 704.68
210.00 415.82
210.50 91.35
211.00 129.21
211.50 522.57
212.00 618.00
212.50 759.79
213.00 94.07
213.50 197.15
214.00 0.02
214.50 0.00
215.00 0.00
215.50 729.56
216.00 785.45
216.50 741.23
217.00 758.96
217.50 688.89
218.00 726.38
218.50 734.28
219.00 749.58
219.50 722.28
220.00 752.85
220.50 688.70
221.00 693.66
221.50 720.42
222.00 708.19
222.50 763.96
223.00 667.43
223.50 727.96
224.00 675.46
224.50 703.15
225.00 725.60
225.50 719.43
226.00 716.62
226.50 718.26
227.00 727.45
227.50 699.79
228.00 719.11
228.50 694.50
229.00 699.47
229.50 735.48
230.00 692.33
230.50 752.00
231.00 758.64
231.50 741.42
232.00 753.52
232.50 764.52
233.00 740.08
233.50 752.16
234.00 720.44
234.50 705.49
235.00 729.82
235.50 750.72
236.00 743.77
236.50 788.31
237.00 773.01
237.50 787.64
238.00 723.03
238.50 775.36
239.00 707.90
239.50 703.82
240.00 755.50
240.50 848.09
241.00 706.71
241.50 199.70
242.00 623.02
242.50 749.37
243.00 736.24
243.50 683.60
244.00 721.89
244.50 759.67
245.00 763.38
245.50 756.88
246.00 674.30
246.50 732.76
247.00 740.87
247.50 757.78
248.00 741.26
248.50 711.45
249.00 718.71
249.50 760.03
250.00 799.07
250.50 745.02
251.00 744.82
251.50 747.84
252.00 688.25
252.50 765.19
253.00 656.47
253.50 698.29
254.00 703.93
254.50 724.48
255.00 698.94
255.50 750.10
256.00 754.21
256.50 727.94
257.00 736.84
257.50 674.99
258.00 707.81
258.50 694.43
259.00 789.09
259.50 744.98
260.00 750.90
260.50 721.39
261.00 748.95
261.50 723.22
262.00 764.09
262.50 664.48
263.00 759.50
263.50 739.62
264.00 713.71
264.50 666.24
265.00 735.99
265.50 670.47
266.00 738.74
266.50 704.15
267.00 745.74
267.50 726.17
268.00 698.18
268.50 714.50
269.00 690.11
269.50 732.68
270.00 756.61
270.50 728.54
271.00 745.20
271.50 715.41
272.00 764.08
272.50 725.82
273.00 712.21
273.50 762.61
274.00 691.97
274.50 760.41
275.00 770.04
275.50 671.90
276.00 750.80
276.50 726.49
277.00 823.44
277.50 492.03
278.00 79.51
278.50 133.00
279.00 702.99
279.50 195.96
280.00 707.63
280.50 747.18
281.00 795.20
281.50 855.72
282.00 734.11
282.50 849.74
283.00 838.35
283.50 808.83
284.00 836.77
284.50 847.02
285.00 0.00
285.50 337.74
286.00 108.39
286.50 209.05
287.00 560.31
287.50 778.94
288.00 844.92
288.50 381.16
289.00 864.46
289.50 856.54
290.00 85.59
290.50 0.00
291.00 554.09
291.50 737.95
292.00 413.44
292.50 825.41
293.00 189.09
293.50 42.61
294.00 526.93
294.50 554.28
295.00 167.69
295.50 584.06
296.00 864.74
296.50 843.36
297.00 68.60
297.50 472.00
298.00 631.11
298.50 683.91
299.00 114.69
299.50 556.71
