0.00 760.80
0.50 768.54
1.00 710.30
1.50 731.17
2.00 590.28
2.50 125.91
3.00 0.01
3.50 327.44
4.00 626.83
4.50 110.80
5.00 68.76
5.50 154.78
6.00 0.02
6.50 750.73
7.00 751.50
7.50 132.67
8.00 719.44
8.50 732.31
9.00 726.89
9.50 777.14
10.00 844.16
10.50 764.63
11.00 762.92
11.50 90.01
12.00 0.00
12.50 0.01
13.00 0.04
13.50 456.55
14.00 49.95
14.50 181.02
15.00 138.90
15.50 528.17
16.00 0.01
16.50 0.00
17.00 0.00
17.50 131.23
18.00 570.09
18.50 680.95
19.00 49.99
19.50 413.73
20.00 740.58
20.50 701.79
21.00 717.95
21.50 734.40
22.00 723.96
22.50 745.55
23.00 695.64
23.50 0.00
24.00 477.67
24.50 741.66
25.00 762.78
25.50 870.53
26.00 836.27
26.50 730.73
27.00 762.55
27.50 720.42
28.00 900.00
28.50 846.07
29.00 752.96
29.50 841.19
30.00 557.73
30.50 22.27
31.00 17.07
31.50 465.15
32.00 678.71
32.50 0.00
33.00 668.45
33.50 697.07
34.00 757.77
34.50 517.58
35.00 457.50
35.50 710.26
36.00 691.91
36.50 859.59
37.00 846.00
37.50 745.89
38.00 851.12
38.50 772.96
39.00 763.60
39.50 643.61
40.00 727.72
40.50 761.62
41.00 753.12
41.50 859.26
42.00 837.74
42.50 840.27
43.00 817.82
43.50 824.90
44.00 808.97
44.50 737.48
45.00 0.00
45.50 0.00
46.00 140.92
46.50 779.81
47.00 795.86
47.50 718.95
48.00 742.96
48.50 713.55
49.00 789.61
49.50 708.46
50.00 818.36
50.50 822.41
51.00 826.40
51.50 0.00
52.00 554.69
52.50 768.99
53.00 748.87
53.50 760.03
54.00 32.58
54.50 67.43
55.00 412.62
55.50 720.50
56.00 830.17
56.50 858.05
57.00 829.87
57.50 722.94
58.00 703.96
58.50 798.77
59.00 873.28
59.50 788.88
60.00 92.65
60.50 667.56
61.00 790.22
61.50 857.85
62.00 843.19
62.50 849.95
63.00 836.75
63.50 881.40
64.00 658.30
64.50 680.64
65.00 820.67
65.50 839.48
66.00 739.73
66.50 755.03
67.00 744.52
67.50 750.75
68.00 853.83
68.50 237.42
69.00 0.01
69.50 0.00
70.00 121.20
70.50 245.48
71.00 825.97
71.50 810.76
72.00 798.19
72.50 837.08
73.00 824.23
73.50 862.15
74.00 684.62
74.50 855.53
75.00 846.20
75.50 695.17
76.00 841.06
76.50 857.14
77.00 871.66
77.50 859.26
78.00 734.34
78.50 595.20
79.00 445.86
79.50 713.89
80.00 776.48
80.50 726.03
81.00 763.59
81.50 731.80
82.00 743.21
82.50 623.94
83.00 326.54
83.50 729.11
84.00 708.39
84.50 685.93
85.00 692.05
85.50 829.85
86.00 843.86
86.50 0.01
87.00 0.00
87.50 0.04
88.00 0.00
88.50 0.03
89.00 203.58
89.50 0.02
90.00 0.00
90.50 559.37
91.00 0.01
91.50 55.34
92.00 0.01
92.50 542.64
93.00 0.00
93.50 232.71
94.00 0.02
94.50 0.01
95.00 0.00
95.50 593.18
96.00 774.80
96.50 0.00
97.00 398.14
97.50 685.44
98.00 845.81
98.50 837.65
99.00 844.65
99.50 853.80
100.00 851.42
100.50 855.91
101.00 400.63
101.50 113.51
102.00 151.47
102.50 124.34
103.00 689.43
103.50 781.12
104.00 773.10
104.50 783.73
105.00 730.56
105.50 758.48
106.00 745.97
106.50 714.13
107.00 834.16
107.50 803.75
108.00 769.00
108.50 213.05
109.00 657.31
109.50 689.02
110.00 872.52
110.50 346.69
111.00 582.98
111.50 849.70
112.00 823.68
112.50 766.26
113.00 854.97
113.50 773.38
114.00 692.49
114.50 709.56
115.00 239.24
115.50 703.03
116.00 843.03
116.50 668.39
117.00 527.61
117.50 816.35
118.00 696.90
118.50 715.26
119.00 837.62
119.50 853.80
120.00 847.28
120.50 705.23
121.00 803.28
121.50 0.00
122.00 119.54
122.50 65.91
123.00 767.73
123.50 622.12
124.00 737.73
124.50 712.83
125.00 758.95
125.50 843.03
126.00 0.00
126.50 189.49
127.00 99.82
127.50 200.45
128.00 104.67
128.50 0.01
129.00 0.01
129.50 186.54
130.00 0.00
130.50 184.72
131.00 0.00
131.50 118.40
132.00 438.22
132.50 726.95
133.00 208.55
133.50 112.16
134.00 494.50
134.50 556.41
135.00 808.20
135.50 420.39
136.00 610.61
136.50 57.02
137.00 770.18
137.50 0.00
138.00 900.00
138.50 504.33
139.00 722.12
139.50 133.55
140.00 211.53
140.50 594.94
141.00 814.88
141.50 751.91
142.00 752.68
142.50 227.77
143.00 546.80
143.50 732.53
144.00 794.34
144.50 837.93
145.00 716.60
145.50 727.09
146.00 856.00
146.50 834.55
147.00 823.88
147.50 829.00
148.00 826.86
148.50 131.86
149.00 183.43
149.50 827.41
150.00 837.93
150.50 851.56
151.00 849.68
151.50 846.39
152.00 869.19
152.50 875.93
153.00 830.83
153.50 0.02
154.00 395.15
154.50 727.57
155.00 674.47
155.50 757.82
156.00 874.08
156.50 777.41
157.00 739.25
157.50 734.61
158.00 503.35
158.50 856.97
159.00 844.17
159.50 771.23
160.00 145.26
160.50 389.04
161.00 44.51
161.50 0.02
162.00 0.00
162.50 605.30
163.00 628.49
163.50 719.15
164.00 764.64
164.50 774.43
165.00 725.47
165.50 719.67
166.00 690.78
166.50 756.91
167.00 782.38
167.50 788.26
168.00 728.37
168.50 696.13
169.00 805.50
169.50 705.95
170.00 741.59
170.50 765.54
171.00 676.41
171.50 818.12
172.00 856.76
172.50 867.77
173.00 803.56
173.50 139.61
174.00 367.24
174.50 719.59
175.00 715.89
175.50 376.18
176.00 262.13
176.50 278.86
177.00 566.56
177.50 748.42
178.00 724.68
178.50 761.23
179.00 769.17
179.50 846.26
180.00 836.38
180.50 845.07
181.00 858.46
181.50 851.00
182.00 803.26
182.50 0.00
183.00 844.76
183.50 880.83
184.00 844.14
184.50 866.29
185.00 856.62
185.50 894.72
186.00 761.25
186.50 713.94
187.00 719.92
187.50 150.73
188.00 211.17
188.50 0.03
189.00 43.37
189.50 0.00
190.00 64.58
190.50 68.58
191.00 108.64
191.50 19.26
192.00 245.20
192.50 833.46
193.00 868.31
193.50 830.06
194.00 702.51
194.50 161.78
195.00 117.24
195.50 581.56
196.00 452.64
196.50 0.00
197.00 721.58
197.50 764.97
198.00 738.32
198.50 735.03
199.00 72.25
199.50 0.00
200.00 0.00
200.50 592.08
201.00 738.31
201.50 537.47
202.00 431.89
202.50 720.35
203.00 788.99
203.50 870.60
204.00 723.44
204.50 729.28
205.00 0.00
205.50 678.10
206.00 236.09
206.50 240.92
207.00 61.85
207.50 0.00
208.00 0.00
208.50 0.00
209.00 0.00
209.50 733.33
210.00 756.73
210.50 785.35
211.00 719.09
211.50 750.46
212.00 732.57
212.50 0.00
213.00 0.01
213.50 0.00
214.00 0.01
214.50 0.00
215.00 846.40
215.50 830.07
216.00 820.76
216.50 852.72
217.00 830.35
217.50 853.61
218.00 631.78
218.50 727.55
219.00 774.67
219.50 756.08
220.00 660.04
220.50 900.00
221.00 726.19
221.50 706.93
222.00 655.11
222.50 765.62
223.00 752.70
223.50 0.00
224.00 107.22
224.50 178.98
225.00 119.88
225.50 0.00
226.00 0.00
226.50 265.82
227.00 111.27
227.50 121.77
228.00 700.60
228.50 813.32
229.00 842.13
229.50 590.62
230.00 686.57
230.50 788.46
231.00 145.39
231.50 484.28
232.00 729.82
232.50 717.59
233.00 782.34
233.50 714.00
234.00 786.12
234.50 726.35
235.00 804.17
235.50 755.95
236.00 809.57
236.50 689.94
237.00 698.89
237.50 662.81
238.00 740.89
238.50 723.73
239.00 739.93
239.50 41.99
240.00 795.09
240.50 561.12
241.00 771.05
241.50 872.70
242.00 853.56
242.50 681.53
243.00 825.36
243.50 682.07
244.00 517.81
244.50 616.53
245.00 700.11
245.50 857.50
246.00 782.55
246.50 678.85
247.00 716.98
247.50 269.74
248.00 650.46
248.50 806.03
249.00 390.23
249.50 661.47
250.00 723.48
250.50 774.00
251.00 843.45
251.50 801.64
252.00 866.81
252.50 796.46
253.00 860.44
253.50 741.04
254.00 765.83
254.50 836.28
255.00 696.64
255.50 871.68
256.00 718.77
256.50 820.97
257.00 797.37
257.50 724.97
258.00 698.60
258.50 682.87
259.00 716.22
259.50 354.40
260.00 649.61
260.50 755.29
261.00 661.83
261.50 812.80
262.00 898.96
262.50 710.27
263.00 800.48
263.50 392.49
264.00 636.92
264.50 813.65
265.00 776.68
265.50 552.35
266.00 757.56
266.50 721.48
267.00 774.90
267.50 833.27
268.00 704.15
268.50 712.88
269.00 817.07
269.50 738.69
270.00 741.46
270.50 722.95
271.00 715.43
271.50 898.84
272.00 841.76
272.50 703.77
273.00 514.22
273.50 686.09
274.00 367.07
274.50 715.45
275.00 842.38
275.50 704.23
276.00 677.62
276.50 691.63
277.00 751.22
277.50 710.43
278.00 705.81
278.50 672.73
279.00 710.30
279.50 712.64
280.00 692.41
280.50 371.92
281.00 815.28
281.50 635.34
282.00 824.15
282.50 894.68
283.00 789.21
283.50 716.71
284.00 893.81
284.50 900.00
285.00 621.52
285.50 777.11
286.00 788.18
286.50 708.94
287.00 703.60
287.50 680.99
288.00 691.78
288.50 731.66
289.00 682.24
289.50 683.33
290.00 696.75
290.50 436.84
291.00 490.42
291.50 514.04
292.00 775.17
292.50 803.08
293.00 815.87
293.50 723.47
294.00 788.96
294.50 813.95
295.00 759.02
295.50 717.01
296.00 852.26
296.50 782.90
297.00 684.88
297.50 790.92
298.00 782.81
298.50 830.36
299.00 773.34
299.50 290.61
