0.00 866.14
0.50 541.84
1.00 748.26
1.50 869.83
2.00 848.87
2.50 758.41
3.00 390.07
3.50 0.00
4.00 688.47
4.50 743.60
5.00 0.00
5.50 0.00
6.00 0.00
6.50 0.01
7.00 0.00
7.50 130.73
8.00 719.77
8.50 147.05
9.00 405.57
9.50 498.95
10.00 843.45
10.50 745.80
11.00 795.35
11.50 632.73
12.00 788.22
12.50 785.68
13.00 0.00
13.50 370.57
14.00 746.70
14.50 796.17
15.00 711.75
15.50 729.67
16.00 710.33
16.50 660.35
17.00 31.06
17.50 900.00
18.00 744.79
18.50 752.91
19.00 425.22
19.50 807.97
20.00 769.09
20.50 740.61
21.00 786.64
21.50 759.55
22.00 790.19
22.50 668.94
23.00 704.32
23.50 719.89
24.00 728.20
24.50 732.00
25.00 643.14
25.50 337.73
26.00 569.13
26.50 0.00
27.00 0.00
27.50 651.37
28.00 162.79
28.50 179.33
29.00 0.00
29.50 0.00
30.00 148.66
30.50 0.01
31.00 0.03
31.50 0.00
32.00 0.00
32.50 595.21
33.00 106.33
33.50 650.50
34.00 300.55
34.50 492.29
35.00 606.29
35.50 844.83
36.00 815.25
36.50 837.91
37.00 724.58
37.50 861.76
38.00 859.36
38.50 783.79
39.00 745.22
39.50 118.35
40.00 828.21
40.50 720.92
41.00 746.11
41.50 675.98
42.00 823.68
42.50 0.00
43.00 0.00
43.50 0.00
44.00 0.00
44.50 338.73
45.00 600.49
45.50 535.68
46.00 765.74
46.50 0.01
47.00 629.60
47.50 695.20
48.00 0.00
48.50 581.21
49.00 727.87
49.50 753.79
50.00 777.75
50.50 721.65
51.00 42.68
51.50 533.88
52.00 439.86
52.50 505.82
53.00 463.87
53.50 683.67
54.00 0.00
54.50 0.00
55.00 795.23
55.50 276.83
56.00 854.03
56.50 68.81
57.00 0.00
57.50 0.00
58.00 0.00
58.50 479.18
59.00 635.74
59.50 0.00
60.00 458.80
60.50 718.55
61.00 744.22
61.50 764.50
62.00 695.24
62.50 674.91
63.00 105.29
63.50 604.30
64.00 410.57
64.50 44.55
65.00 17.46
65.50 417.39
66.00 865.67
66.50 817.46
67.00 740.05
67.50 716.96
68.00 761.27
68.50 842.84
69.00 839.04
69.50 415.57
70.00 40.17
70.50 457.31
71.00 703.54
71.50 465.41
72.00 815.66
72.50 845.47
73.00 855.96
73.50 863.64
74.00 843.12
74.50 842.97
75.00 816.96
75.50 698.60
76.00 793.78
76.50 759.36
77.00 721.78
77.50 404.05
78.00 601.95
78.50 617.35
79.00 0.00
79.50 0.00
80.00 562.96
80.50 747.22
81.00 112.78
81.50 822.21
82.00 757.76
82.50 775.96
83.00 724.88
83.50 762.19
84.00 765.97
84.50 702.19
85.00 737.25
85.50 775.60
86.00 64.95
86.50 18.13
87.00 65.29
87.50 616.72
88.00 149.21
88.50 108.91
89.00 324.96
89.50 765.20
90.00 711.99
90.50 745.76
91.00 728.29
91.50 785.26
92.00 794.36
92.50 782.96
93.00 851.21
93.50 847.52
94.00 554.99
94.50 699.91
95.00 689.28
95.50 785.32
96.00 703.26
96.50 690.29
97.00 700.32
97.50 775.87
98.00 737.63
98.50 729.97
99.00 807.46
99.50 739.92
100.00 621.87
100.50 817.18
101.00 710.40
101.50 743.17
102.00 696.83
102.50 831.52
103.00 703.96
103.50 866.82
104.00 700.14
104.50 778.61
105.00 747.17
105.50 704.04
106.00 683.97
106.50 704.48
107.00 713.93
107.50 703.52
108.00 668.09
108.50 805.97
109.00 714.35
109.50 704.11
110.00 756.08
110.50 739.27
111.00 253.50
111.50 714.17
112.00 500.04
112.50 528.80
113.00 771.77
113.50 789.34
114.00 716.04
114.50 689.94
115.00 700.20
115.50 692.11
116.00 677.26
116.50 671.58
117.00 703.72
117.50 714.78
118.00 701.08
118.50 310.83
119.00 717.35
119.50 713.05
120.00 716.47
120.50 748.15
121.00 702.13
121.50 705.84
122.00 713.53
122.50 825.84
123.00 678.83
123.50 688.13
124.00 0.00
124.50 0.00
125.00 373.42
125.50 673.08
126.00 124.41
126.50 467.11
127.00 851.72
127.50 840.30
128.00 872.90
128.50 723.83
129.00 764.02
129.50 736.26
130.00 781.85
130.50 730.92
131.00 731.52
131.50 775.54
132.00 717.95
132.50 741.31
133.00 739.72
133.50 736.27
134.00 773.46
134.50 689.20
135.00 752.53
135.50 721.15
136.00 728.01
136.50 759.80
137.00 775.89
137.50 723.93
138.00 697.36
138.50 694.55
139.00 745.77
139.50 700.81
140.00 858.62
140.50 785.28
141.00 702.52
141.50 744.85
142.00 837.70
142.50 719.74
143.00 0.00
143.50 59.36
144.00 581.27
144.50 855.99
145.00 814.51
145.50 848.31
146.00 851.33
146.50 821.88
147.00 0.00
147.50 783.03
148.00 79.24
148.50 114.11
149.00 564.80
149.50 753.77
150.00 0.00
150.50 7.63
151.00 413.27
151.50 736.70
152.00 780.70
152.50 765.49
153.00 656.95
153.50 128.75
154.00 126.01
154.50 125.07
155.00 651.46
155.50 695.47
156.00 859.01
156.50 837.24
157.00 882.71
157.50 760.40
158.00 526.82
158.50 737.02
159.00 786.97
159.50 705.88
160.00 826.09
160.50 832.29
161.00 836.35
161.50 817.13
162.00 839.32
162.50 631.28
163.00 714.47
163.50 713.17
164.00 717.58
164.50 772.53
165.00 711.57
165.50 845.85
166.00 733.52
166.50 726.62
167.00 173.15
167.50 26.84
168.00 178.26
168.50 369.69
169.00 770.13
169.50 730.10
170.00 691.71
170.50 625.57
171.00 847.38
171.50 733.31
172.00 787.09
172.50 697.95
173.00 746.05
173.50 698.57
174.00 746.33
174.50 777.82
175.00 698.31
175.50 725.22
176.00 729.82
176.50 739.19
177.00 682.98
177.50 701.27
178.00 717.62
178.50 727.12
179.00 717.57
179.50 761.94
180.00 752.92
180.50 756.02
181.00 739.88
181.50 734.27
182.00 723.92
182.50 752.02
183.00 704.22
183.50 736.00
184.00 752.95
184.50 734.61
185.00 700.94
185.50 718.58
186.00 774.84
186.50 736.26
187.00 729.92
187.50 734.43
188.00 777.89
188.50 738.92
189.00 766.32
189.50 753.31
190.00 794.76
190.50 714.84
191.00 727.01
191.50 734.75
192.00 741.09
192.50 712.09
193.00 766.45
193.50 727.09
194.00 726.44
194.50 728.40
195.00 739.10
195.50 724.22
196.00 752.50
196.50 750.99
197.00 769.61
197.50 813.19
198.00 712.67
198.50 777.16
199.00 738.98
199.50 731.75
200.00 709.52
200.50 727.26
201.00 790.33
201.50 764.77
202.00 739.11
202.50 736.47
203.00 761.95
203.50 750.77
204.00 730.77
204.50 719.24
205.00 739.99
205.50 756.90
206.00 686.13
206.50 727.65
207.00 719.60
207.50 736.75
208.00 745.42
208.50 759.22
209.00 725.24
209.50 752.26
210.00 716.73
210.50 651.90
211.00 726.23
211.50 827.35
212.00 858.01
212.50 867.23
213.00 687.89
213.50 846.52
214.00 717.77
214.50 796.52
215.00 714.27
215.50 664.57
216.00 713.29
216.50 659.33
217.00 834.87
217.50 770.32
218.00 722.89
218.50 715.03
219.00 768.94
219.50 760.24
220.00 730.22
220.50 749.57
221.00 797.44
221.50 825.24
222.00 735.32
222.50 766.83
223.00 729.92
223.50 750.39
224.00 686.24
224.50 733.92
225.00 93.85
225.50 582.72
226.00 378.06
226.50 710.29
227.00 650.01
227.50 823.28
228.00 883.88
228.50 817.21
229.00 830.42
229.50 798.62
230.00 535.06
230.50 701.60
231.00 528.67
231.50 837.62
232.00 735.68
232.50 855.87
233.00 748.91
233.50 714.54
234.00 725.43
234.50 772.88
235.00 747.36
235.50 751.14
236.00 676.20
236.50 469.07
237.00 477.43
237.50 478.39
238.00 734.33
238.50 788.03
239.00 896.56
239.50 817.32
240.00 763.64
240.50 678.82
241.00 312.84
241.50 575.62
242.00 668.99
242.50 690.10
243.00 886.44
243.50 433.48
244.00 629.45
244.50 872.82
245.00 662.79
245.50 794.02
246.00 679.46
246.50 708.75
247.00 682.56
247.50 725.93
248.00 799.68
248.50 887.66
249.00 705.24
249.50 700.88
250.00 688.19
250.50 869.29
251.00 557.32
251.50 788.32
252.00 769.28
252.50 704.06
253.00 782.86
253.50 126.89
254.00 579.22
254.50 738.43
255.00 749.22
255.50 747.34
256.00 544.06
256.50 697.50
257.00 696.50
257.50 714.99
258.00 735.12
258.50 696.59
259.00 695.09
259.50 726.47
260.00 879.24
260.50 685.31
261.00 703.50
261.50 706.95
262.00 874.81
262.50 401.21
263.00 655.09
263.50 706.87
264.00 696.91
264.50 748.55
265.00 730.37
265.50 695.42
266.00 727.04
266.50 708.29
267.00 699.71
267.50 773.52
268.00 132.85
268.50 0.00
269.00 0.01
269.50 0.00
270.00 26.03
270.50 615.29
271.00 0.00
271.50 0.01
272.00 0.01
272.50 120.31
273.00 59.74
273.50 0.00
274.00 62.58
274.50 64.24
275.00 0.00
275.50 0.00
276.00 0.00
276.50 0.00
277.00 795.93
277.50 739.36
278.00 756.71
278.50 134.32
279.00 65.74
279.50 0.00
280.00 86.36
280.50 154.19
281.00 209.37
281.50 0.00
282.00 40.57
282.50 644.83
283.00 759.90
283.50 706.13
284.00 180.87
284.50 71.08
285.00 18.67
285.50 125.00
286.00 33.39
286.50 469.51
287.00 54.16
287.50 36.72
288.00 7.73
288.50 547.62
289.00 779.95
289.50 752.24
290.00 13.66
290.50 197.89
291.00 492.34
291.50 480.61
292.00 839.47
292.50 748.21
293.00 698.55
293.50 706.45
294.00 693.78
294.50 687.09
295.00 697.92
295.50 751.73
296.00 822.07
296.50 721.09
297.00 712.65
297.50 729.65
298.00 871.64
298.50 697.17
299.00 696.52
299.50 681.09
