0.00 872.72
0.50 847.57
1.00 833.27
1.50 839.04
2.00 837.94
2.50 817.01
3.00 804.89
3.50 799.40
4.00 802.13
4.50 719.63
5.00 783.68
5.50 781.11
6.00 737.53
6.50 752.35
7.00 753.16
7.50 657.25
8.00 724.44
8.50 690.48
9.00 742.70
9.50 703.53
10.00 760.18
10.50 759.26
11.00 754.32
11.50 737.81
12.00 752.62
12.50 740.14
13.00 753.14
13.50 709.18
14.00 753.81
14.50 760.69
15.00 784.18
15.50 708.69
16.00 746.00
16.50 690.78
17.00 726.17
17.50 656.90
18.00 733.15
18.50 783.63
19.00 764.94
19.50 746.33
20.00 568.11
20.50 53.42
21.00 123.92
21.50 0.00
22.00 0.00
22.50 678.35
23.00 693.94
23.50 837.32
24.00 829.49
24.50 852.42
25.00 750.64
25.50 841.82
26.00 852.55
26.50 833.48
27.00 871.50
27.50 152.86
28.00 0.03
28.50 0.00
29.00 211.98
29.50 211.70
30.00 190.99
30.50 102.31
31.00 244.44
31.50 149.89
32.00 687.14
32.50 777.20
33.00 700.19
33.50 773.53
34.00 704.32
34.50 509.22
35.00 659.58
35.50 740.47
36.00 700.41
36.50 777.13
37.00 839.24
37.50 828.07
38.00 757.41
38.50 720.13
39.00 745.33
39.50 707.14
40.00 538.89
40.50 215.96
41.00 148.43
41.50 750.37
42.00 726.67
42.50 734.99
43.00 843.39
43.50 796.47
44.00 846.00
44.50 115.64
45.00 0.00
45.50 87.38
46.00 133.76
46.50 280.74
47.00 750.77
47.50 734.19
48.00 740.03
48.50 871.87
49.00 739.57
49.50 736.65
50.00 0.00
50.50 0.01
51.00 0.00
51.50 256.11
52.00 0.01
52.50 0.00
53.00 9.68
53.50 188.52
54.00 254.35
54.50 465.20
55.00 715.23
55.50 730.36
56.00 762.59
56.50 719.56
57.00 730.30
57.50 715.08
58.00 817.16
58.50 708.06
59.00 865.22
59.50 673.71
60.00 743.29
60.50 806.02
61.00 827.90
61.50 782.70
62.00 633.79
62.50 785.80
63.00 693.82
63.50 704.31
64.00 813.38
64.50 784.83
65.00 719.06
65.50 693.42
66.00 721.61
66.50 673.89
67.00 717.79
67.50 784.51
68.00 893.28
68.50 702.02
69.00 712.34
69.50 728.79
70.00 671.08
70.50 406.60
71.00 527.07
71.50 848.60
72.00 818.24
72.50 710.23
73.00 717.10
73.50 778.64
74.00 836.15
74.50 789.65
75.00 794.21
75.50 707.29
76.00 694.67
76.50 702.96
77.00 720.75
77.50 755.42
78.00 798.23
78.50 792.63
79.00 717.98
79.50 810.85
80.00 820.62
80.50 749.08
81.00 821.06
81.50 147.67
82.00 824.87
82.50 726.66
83.00 706.67
83.50 834.42
84.00 861.46
84.50 700.42
85.00 838.10
85.50 771.03
86.00 711.98
86.50 711.90
87.00 818.47
87.50 734.33
88.00 788.14
88.50 851.64
89.00 702.83
89.50 550.54
90.00 811.93
90.50 670.65
91.00 413.62
91.50 712.39
92.00 871.79
92.50 787.25
93.00 704.65
93.50 694.09
94.00 768.94
94.50 719.92
95.00 787.21
95.50 736.44
96.00 849.26
96.50 601.03
97.00 697.68
97.50 697.96
98.00 713.89
98.50 684.44
99.00 690.83
99.50 751.37
100.00 695.58
100.50 715.97
101.00 722.91
101.50 695.13
102.00 698.30
102.50 795.91
103.00 704.99
103.50 722.80
104.00 740.02
104.50 829.97
105.00 768.87
105.50 724.36
106.00 668.18
106.50 684.17
107.00 722.78
107.50 689.24
108.00 854.10
108.50 773.62
109.00 731.62
109.50 743.97
110.00 766.92
110.50 752.47
111.00 752.80
111.50 751.92
112.00 704.72
112.50 703.55
113.00 748.89
113.50 705.43
114.00 773.97
114.50 836.96
115.00 707.24
115.50 742.95
116.00 792.93
116.50 714.31
117.00 741.61
117.50 711.79
118.00 776.62
118.50 696.70
119.00 726.96
119.50 712.33
120.00 727.66
120.50 740.46
121.00 735.89
121.50 754.50
122.00 726.90
122.50 694.95
123.00 728.49
123.50 736.93
124.00 741.23
124.50 716.04
125.00 755.82
125.50 751.61
126.00 733.83
126.50 744.17
127.00 795.19
127.50 741.09
128.00 734.28
128.50 762.90
129.00 728.06
129.50 707.86
130.00 704.34
130.50 705.21
131.00 690.88
131.50 717.80
132.00 814.85
132.50 698.89
133.00 752.65
133.50 721.78
134.00 720.69
134.50 744.53
135.00 686.58
135.50 731.52
136.00 679.48
136.50 759.51
137.00 735.05
137.50 711.36
138.00 805.92
138.50 749.12
139.00 703.83
139.50 272.70
140.00 455.54
140.50 128.29
141.00 0.00
141.50 0.02
142.00 755.10
142.50 181.86
143.00 85.17
143.50 12.59
144.00 0.00
144.50 122.34
145.00 123.29
145.50 91.08
146.00 0.00
146.50 842.60
147.00 817.48
147.50 842.18
148.00 811.36
148.50 770.42
149.00 165.12
149.50 362.93
150.00 88.53
150.50 0.00
151.00 0.00
151.50 754.89
152.00 653.04
152.50 687.94
153.00 766.67
153.50 330.97
154.00 270.54
154.50 578.81
155.00 749.24
155.50 721.70
156.00 0.00
156.50 622.26
157.00 850.74
157.50 738.45
158.00 723.72
158.50 716.16
159.00 698.96
159.50 744.66
160.00 496.18
160.50 711.06
161.00 855.45
161.50 830.22
162.00 814.80
162.50 456.15
163.00 513.24
163.50 0.00
164.00 626.23
164.50 707.52
165.00 670.20
165.50 599.59
166.00 740.42
166.50 739.05
167.00 874.89
167.50 810.17
168.00 818.64
168.50 742.49
169.00 829.67
169.50 869.82
170.00 840.31
170.50 862.89
171.00 840.47
171.50 832.15
172.00 752.46
172.50 0.00
173.00 0.01
173.50 0.01
174.00 11.75
174.50 141.74
175.00 0.01
175.50 287.90
176.00 368.18
176.50 49.50
177.00 240.35
177.50 801.88
178.00 384.88
178.50 735.09
179.00 0.01
179.50 0.02
180.00 0.00
180.50 0.00
181.00 373.91
181.50 691.88
182.00 748.15
182.50 717.37
183.00 14.90
183.50 0.00
184.00 53.88
184.50 0.00
185.00 0.00
185.50 414.74
186.00 704.92
186.50 549.77
187.00 770.74
187.50 757.22
188.00 727.71
188.50 849.36
189.00 859.62
189.50 846.52
190.00 59.60
190.50 4.67
191.00 149.53
191.50 89.96
192.00 441.35
192.50 719.89
193.00 0.01
193.50 366.88
194.00 670.68
194.50 754.74
195.00 734.01
195.50 752.68
196.00 149.01
196.50 0.00
197.00 0.02
197.50 0.00
198.00 0.01
198.50 0.00
199.00 190.55
199.50 0.00
200.00 41.84
200.50 0.00
201.00 384.31
201.50 384.86
202.00 750.35
202.50 721.26
203.00 832.53
203.50 715.19
204.00 716.19
204.50 900.00
205.00 441.02
205.50 715.25
206.00 721.78
206.50 700.56
207.00 697.25
207.50 204.57
208.00 708.25
208.50 755.54
209.00 761.29
209.50 768.90
210.00 709.68
210.50 729.91
211.00 735.35
211.50 711.07
212.00 691.37
212.50 753.76
213.00 819.31
213.50 772.57
214.00 691.02
214.50 877.23
215.00 614.41
215.50 817.07
216.00 782.29
216.50 759.05
217.00 648.20
217.50 815.70
218.00 709.89
218.50 715.00
219.00 735.24
219.50 876.10
220.00 709.41
220.50 900.00
221.00 777.11
221.50 687.68
222.00 736.40
222.50 713.20
223.00 755.19
223.50 716.77
224.00 885.72
224.50 885.36
225.00 783.46
225.50 774.31
226.00 717.65
226.50 658.90
227.00 692.72
227.50 710.74
228.00 714.05
228.50 707.21
229.00 358.04
229.50 762.86
230.00 706.73
230.50 669.11
231.00 807.83
231.50 668.89
232.00 713.61
232.50 699.37
233.00 798.25
233.50 714.86
234.00 740.47
234.50 749.97
235.00 656.30
235.50 715.39
236.00 736.69
236.50 769.29
237.00 752.10
237.50 717.62
238.00 732.30
238.50 666.16
239.00 687.26
239.50 686.67
240.00 736.51
240.50 537.86
241.00 742.15
241.50 289.55
242.00 705.88
242.50 740.22
243.00 801.87
243.50 679.11
244.00 715.31
244.50 392.23
245.00 874.22
245.50 714.89
246.00 820.90
246.50 714.63
247.00 682.23
247.50 721.52
248.00 701.02
248.50 654.17
249.00 741.40
249.50 710.17
250.00 703.80
250.50 831.00
251.00 849.11
251.50 708.30
252.00 707.25
252.50 780.55
253.00 760.57
253.50 705.68
254.00 717.78
254.50 750.67
255.00 766.35
255.50 767.46
256.00 700.58
256.50 744.33
257.00 708.71
257.50 740.43
258.00 749.93
258.50 763.29
259.00 710.42
259.50 738.87
260.00 748.56
260.50 713.83
261.00 759.78
261.50 769.21
262.00 775.75
262.50 707.23
263.00 712.70
263.50 716.68
264.00 780.98
264.50 732.04
265.00 724.50
265.50 768.87
266.00 707.51
266.50 742.83
267.00 738.98
267.50 779.49
268.00 706.09
268.50 767.56
269.00 729.96
269.50 722.79
270.00 684.34
270.50 745.89
271.00 773.54
271.50 721.08
272.00 0.00
272.50 397.88
273.00 900.00
273.50 172.09
274.00 431.43
274.50 595.29
275.00 716.25
275.50 704.29
276.00 691.29
276.50 275.82
277.00 571.79
277.50 427.60
278.00 682.68
278.50 208.12
279.00 67.61
279.50 337.43
280.00 0.02
280.50 0.00
281.00 0.00
281.50 0.00
282.00 156.51
282.50 25.35
283.00 176.40
283.50 388.39
284.00 0.01
284.50 167.00
285.00 204.54
285.50 124.40
286.00 19.27
286.50 419.01
287.00 741.02
287.50 691.27
288.00 710.75
288.50 737.42
289.00 862.54
289.50 853.53
290.00 689.02
290.50 862.97
291.00 856.75
291.50 0.00
292.00 53.63
292.50 130.17
293.00 721.54
293.50 140.71
294.00 537.82
294.50 229.21
295.00 129.89
295.50 653.52
296.00 760.89
296.50 738.85
297.00 781.70
297.50 741.46
298.00 716.73
298.50 764.43
299.00 816.22
299.50 55.46
