0.00 114.77
0.50 120.84
1.00 0.01
1.50 0.01
2.00 0.00
2.50 799.02
3.00 754.69
3.50 796.83
4.00 765.06
4.50 748.89
5.00 742.84
5.50 729.15
6.00 763.56
6.50 743.56
7.00 741.36
7.50 780.72
8.00 788.57
8.50 686.34
9.00 672.54
9.50 720.64
10.00 681.21
10.50 784.89
11.00 719.30
11.50 691.45
12.00 659.63
12.50 714.24
13.00 649.14
13.50 768.34
14.00 744.78
14.50 685.28
15.00 727.18
15.50 723.56
16.00 716.16
16.50 749.14
17.00 700.79
17.50 745.30
18.00 723.97
18.50 717.23
19.00 730.85
19.50 728.31
20.00 689.54
20.50 777.76
21.00 680.51
21.50 756.69
22.00 752.60
22.50 699.34
23.00 686.06
23.50 723.13
24.00 720.48
24.50 768.42
25.00 669.60
25.50 712.24
26.00 686.31
26.50 712.91
27.00 710.56
27.50 728.96
28.00 731.04
28.50 672.77
29.00 776.57
29.50 735.02
30.00 779.77
30.50 807.24
31.00 722.77
31.50 782.49
32.00 736.14
32.50 702.91
33.00 759.56
33.50 746.15
34.00 735.03
34.50 753.67
35.00 748.16
35.50 759.38
36.00 752.52
36.50 715.46
37.00 708.34
37.50 756.15
38.00 706.86
38.50 731.74
39.00 751.71
39.50 734.63
40.00 700.25
40.50 702.95
41.00 743.35
41.50 776.28
42.00 691.09
42.50 719.56
43.00 774.83
43.50 781.71
44.00 665.71
44.50 788.88
45.00 700.47
45.50 686.82
46.00 708.78
46.50 744.73
47.00 761.72
47.50 764.60
48.00 766.74
48.50 751.97
49.00 723.71
49.50 726.45
50.00 711.51
50.50 721.15
51.00 724.24
51.50 725.95
52.00 727.93
52.50 734.66
53.00 759.26
53.50 755.32
54.00 765.16
54.50 527.36
55.00 775.29
55.50 698.77
56.00 627.40
56.50 735.52
57.00 825.30
57.50 850.10
58.00 885.75
58.50 835.82
59.00 793.32
59.50 761.12
60.00 706.12
60.50 720.02
61.00 740.17
61.50 754.66
62.00 762.66
62.50 736.99
63.00 777.47
63.50 741.45
64.00 801.50
64.50 702.08
65.00 777.31
65.50 767.41
66.00 763.59
66.50 708.07
67.00 736.79
67.50 705.77
68.00 760.14
68.50 743.10
69.00 746.02
69.50 746.39
70.00 773.04
70.50 755.60
71.00 769.44
71.50 753.59
72.00 702.65
72.50 766.97
73.00 706.91
73.50 748.50
74.00 766.68
74.50 766.82
75.00 763.65
75.50 768.64
76.00 749.69
76.50 811.10
77.00 728.76
77.50 715.86
78.00 684.20
78.50 724.69
79.00 758.99
79.50 762.96
80.00 686.15
80.50 805.30
81.00 792.09
81.50 750.99
82.00 725.66
82.50 716.75
83.00 752.81
83.50 717.81
84.00 671.05
84.50 743.18
85.00 675.54
85.50 716.96
86.00 710.94
86.50 706.19
87.00 705.24
87.50 708.29
88.00 742.89
88.50 672.05
89.00 728.95
89.50 664.03
90.00 716.60
90.50 731.73
91.00 762.51
91.50 0.01
92.00 677.45
92.50 770.75
93.00 202.11
93.50 488.66
94.00 5.14
94.50 0.00
95.00 220.53
95.50 723.24
96.00 737.56
96.50 830.11
97.00 870.75
97.50 701.46
98.00 742.02
98.50 749.81
99.00 771.98
99.50 547.98
100.00 694.96
100.50 851.78
101.00 0.00
101.50 71.98
102.00 155.64
102.50 171.87
103.00 526.31
103.50 740.29
104.00 690.05
104.50 848.28
105.00 0.01
105.50 58.82
106.00 297.11
106.50 208.64
107.00 0.00
107.50 0.00
108.00 0.00
108.50 820.45
109.00 0.00
109.50 0.00
110.00 248.21
110.50 0.00
111.00 0.00
111.50 0.03
112.00 123.59
112.50 0.00
113.00 116.05
113.50 741.05
114.00 191.02
114.50 34.65
115.00 0.00
115.50 0.05
116.00 720.21
116.50 280.58
117.00 867.63
117.50 733.57
118.00 732.23
118.50 699.53
119.00 715.65
119.50 652.20
120.00 95.80
120.50 62.24
121.00 407.02
121.50 707.59
122.00 0.00
122.50 0.01
123.00 602.14
123.50 333.37
124.00 248.44
124.50 0.00
125.00 0.00
125.50 776.19
126.00 768.95
126.50 0.03
127.00 0.01
127.50 589.47
128.00 195.04
128.50 681.89
129.00 501.43
129.50 257.34
130.00 270.13
130.50 189.21
131.00 204.49
131.50 83.93
132.00 337.00
132.50 556.99
133.00 727.21
133.50 730.14
134.00 681.98
134.50 720.39
135.00 856.08
135.50 841.80
136.00 658.99
136.50 742.37
137.00 853.14
137.50 820.79
138.00 859.67
138.50 809.75
139.00 851.23
139.50 0.00
140.00 0.00
140.50 0.01
141.00 0.00
141.50 0.01
142.00 501.55
142.50 660.39
143.00 0.00
143.50 318.89
144.00 114.39
144.50 643.50
145.00 157.78
145.50 839.33
146.00 837.40
146.50 758.54
147.00 734.82
147.50 766.58
148.00 740.34
148.50 685.81
149.00 676.50
149.50 692.77
150.00 776.30
150.50 737.51
151.00 737.66
151.50 754.43
152.00 706.74
152.50 717.19
153.00 723.60
153.50 750.48
154.00 754.95
154.50 700.59
155.00 757.87
155.50 729.12
156.00 787.06
156.50 745.02
157.00 714.73
157.50 749.92
158.00 752.51
158.50 737.82
159.00 714.69
159.50 777.77
160.00 761.30
160.50 757.70
161.00 729.35
161.50 752.66
162.00 725.78
162.50 754.05
163.00 704.95
163.50 742.68
164.00 713.89
164.50 706.44
165.00 719.15
165.50 697.57
166.00 741.12
166.50 727.09
167.00 742.13
167.50 779.30
168.00 713.73
168.50 683.82
169.00 724.24
169.50 732.88
170.00 728.07
170.50 708.04
171.00 724.61
171.50 709.50
172.00 714.32
172.50 674.95
173.00 663.81
173.50 745.42
174.00 759.44
174.50 754.14
175.00 784.57
175.50 688.19
176.00 737.95
176.50 748.63
177.00 750.36
177.50 782.05
178.00 743.43
178.50 749.37
179.00 769.99
179.50 754.19
180.00 690.23
180.50 745.74
181.00 707.96
181.50 732.07
182.00 798.91
182.50 785.45
183.00 732.76
183.50 742.75
184.00 801.86
184.50 756.65
185.00 759.81
185.50 741.74
186.00 791.55
186.50 774.18
187.00 730.14
187.50 751.72
188.00 693.31
188.50 743.58
189.00 773.86
189.50 708.34
190.00 781.83
190.50 752.90
191.00 765.42
191.50 705.91
192.00 774.68
192.50 738.95
193.00 727.55
193.50 656.52
194.00 687.07
194.50 690.66
195.00 703.45
195.50 666.82
196.00 145.34
196.50 596.21
197.00 804.96
197.50 769.14
198.00 810.79
198.50 716.57
199.00 782.98
199.50 846.19
200.00 703.46
200.50 814.15
201.00 718.57
201.50 656.06
202.00 740.83
202.50 714.27
203.00 744.30
203.50 679.14
204.00 566.47
204.50 866.04
205.00 346.64
205.50 640.21
206.00 725.82
206.50 688.99
207.00 742.00
207.50 708.53
208.00 844.25
208.50 218.66
209.00 640.35
209.50 684.06
210.00 699.60
210.50 709.46
211.00 804.25
211.50 721.50
212.00 698.29
212.50 742.59
213.00 702.63
213.50 392.37
214.00 549.93
214.50 816.85
215.00 638.94
215.50 657.69
216.00 742.81
216.50 442.24
217.00 655.33
217.50 727.73
218.00 853.38
218.50 838.76
219.00 635.17
219.50 868.80
220.00 816.50
220.50 870.98
221.00 723.47
221.50 733.08
222.00 727.21
222.50 731.78
223.00 0.02
223.50 104.28
224.00 0.00
224.50 0.00
225.00 0.00
225.50 0.00
226.00 0.00
226.50 0.02
227.00 69.17
227.50 186.37
228.00 711.56
228.50 212.65
229.00 84.72
229.50 89.62
230.00 101.79
230.50 5.23
231.00 28.52
231.50 165.23
232.00 755.88
232.50 630.31
233.00 440.34
233.50 406.00
234.00 710.21
234.50 768.78
235.00 783.76
235.50 747.15
236.00 662.57
236.50 394.72
237.00 592.30
237.50 767.84
238.00 809.47
238.50 723.97
239.00 707.04
239.50 857.39
240.00 785.97
240.50 813.62
241.00 726.23
241.50 715.51
242.00 770.08
242.50 735.92
243.00 809.66
243.50 474.27
244.00 609.87
244.50 794.34
245.00 736.80
245.50 693.29
246.00 759.75
246.50 661.89
247.00 728.52
247.50 763.71
248.00 723.47
248.50 765.34
249.00 687.91
249.50 734.81
250.00 682.07
250.50 754.53
251.00 713.01
251.50 764.85
252.00 726.29
252.50 787.96
253.00 741.08
253.50 748.53
254.00 710.87
254.50 815.63
255.00 773.81
255.50 755.04
256.00 733.64
256.50 728.20
257.00 749.11
257.50 759.06
258.00 757.49
258.50 716.68
259.00 737.46
259.50 757.08
260.00 691.61
260.50 696.75
261.00 727.39
261.50 766.36
262.00 708.84
262.50 717.95
263.00 762.46
263.50 714.97
264.00 690.55
264.50 707.21
265.00 760.57
265.50 669.89
266.00 744.34
266.50 725.63
267.00 698.31
267.50 753.39
268.00 693.39
268.50 733.02
269.00 732.34
269.50 728.08
270.00 755.25
270.50 720.79
271.00 747.53
271.50 746.53
272.00 750.87
272.50 754.81
273.00 779.40
273.50 715.92
274.00 725.20
274.50 773.93
275.00 707.28
275.50 710.69
276.00 757.02
276.50 709.45
277.00 752.60
277.50 740.55
278.00 721.03
278.50 693.40
279.00 755.70
279.50 709.80
280.00 731.21
280.50 751.93
281.00 798.11
281.50 713.80
282.00 736.48
282.50 747.32
283.00 695.43
283.50 728.49
284.00 729.68
284.50 769.09
285.00 728.48
285.50 760.73
286.00 753.19
286.50 789.59
287.00 718.47
287.50 757.74
288.00 743.13
288.50 772.82
289.00 706.36
289.50 733.44
290.00 717.06
290.50 700.63
291.00 729.97
291.50 698.70
292.00 708.66
292.50 773.48
293.00 738.31
293.50 701.23
294.00 725.94
294.50 706.68
295.00 678.95
295.50 799.26
296.00 742.20
296.50 702.68
297.00 736.79
297.50 722.12
298.00 717.42
298.50 700.03
299.00 754.37
299.50 728.88
