0.00 214.65
0.50 428.44
1.00 528.24
1.50 445.55
2.00 153.65
2.50 417.48
3.00 33.08
3.50 536.48
4.00 52.91
4.50 103.33
5.00 536.74
5.50 133.29
6.00 731.32
6.50 817.28
7.00 842.71
7.50 846.70
8.00 357.55
8.50 864.16
9.00 448.99
9.50 618.52
10.00 821.56
10.50 835.31
11.00 716.20
11.50 763.58
12.00 819.31
12.50 833.53
13.00 811.78
13.50 807.74
14.00 814.66
14.50 43.14
15.00 328.99
15.50 764.22
16.00 737.98
16.50 503.64
17.00 89.16
17.50 642.75
18.00 391.44
18.50 113.48
19.00 125.46
19.50 503.48
20.00 373.20
20.50 725.61
21.00 148.50
21.50 769.20
22.00 120.86
22.50 0.00
23.00 179.86
23.50 563.64
24.00 439.78
24.50 852.11
25.00 317.52
25.50 348.58
26.00 728.75
26.50 773.53
27.00 708.99
27.50 721.97
28.00 87.77
28.50 138.39
29.00 737.32
29.50 287.41
30.00 557.39
30.50 634.64
31.00 743.66
31.50 827.28
32.00 833.52
32.50 829.29
33.00 884.92
33.50 61.82
34.00 111.41
34.50 0.00
35.00 721.06
35.50 742.13
36.00 735.14
36.50 717.20
37.00 757.41
37.50 684.25
38.00 795.98
38.50 750.39
39.00 0.00
39.50 0.00
40.00 0.03
40.50 399.77
41.00 722.84
41.50 701.50
42.00 0.00
42.50 0.00
43.00 0.01
43.50 0.00
44.00 585.30
44.50 110.23
45.00 698.63
45.50 758.48
46.00 670.91
46.50 748.55
47.00 745.50
47.50 215.87
48.00 3.40
48.50 830.83
49.00 817.63
49.50 868.93
50.00 857.46
50.50 832.21
51.00 833.36
51.50 878.43
52.00 824.94
52.50 827.32
53.00 135.65
53.50 89.39
54.00 0.00
54.50 248.99
55.00 553.85
55.50 737.61
56.00 703.41
56.50 729.88
57.00 760.32
57.50 766.51
58.00 749.21
58.50 740.70
59.00 711.61
59.50 858.30
60.00 0.00
60.50 479.39
61.00 117.29
61.50 23.04
62.00 191.47
62.50 728.13
63.00 22.60
63.50 126.41
64.00 107.51
64.50 157.97
65.00 0.00
65.50 0.00
66.00 807.49
66.50 670.27
67.00 595.85
67.50 693.66
68.00 817.19
68.50 721.96
69.00 815.31
69.50 789.84
70.00 781.46
70.50 711.45
71.00 811.01
71.50 681.26
72.00 671.61
72.50 805.16
73.00 709.25
73.50 648.51
74.00 837.40
74.50 884.34
75.00 895.76
75.50 705.55
76.00 705.83
76.50 722.80
77.00 704.12
77.50 741.29
78.00 869.98
78.50 900.00
79.00 766.25
79.50 832.87
80.00 693.29
80.50 663.20
81.00 838.04
81.50 757.56
82.00 834.01
82.50 777.80
83.00 729.97
83.50 747.67
84.00 708.44
84.50 723.56
85.00 688.14
85.50 836.73
86.00 777.99
86.50 728.10
87.00 760.54
87.50 124.61
88.00 655.89
88.50 825.40
89.00 833.69
89.50 692.61
90.00 650.89
90.50 578.51
91.00 750.27
91.50 651.20
92.00 690.13
92.50 765.15
93.00 803.01
93.50 706.09
94.00 856.93
94.50 871.86
95.00 753.32
95.50 569.20
96.00 701.40
96.50 821.54
97.00 743.24
97.50 716.69
98.00 257.47
98.50 730.94
99.00 810.52
99.50 668.51
100.00 729.86
100.50 838.23
101.00 780.84
101.50 683.99
102.00 681.24
102.50 700.49
103.00 747.55
103.50 789.73
104.00 795.03
104.50 772.89
105.00 792.71
105.50 774.64
106.00 868.87
106.50 830.75
107.00 830.76
107.50 721.99
108.00 734.20
108.50 734.49
109.00 770.47
109.50 798.41
110.00 680.00
110.50 747.44
111.00 758.74
111.50 810.57
112.00 642.21
112.50 572.22
113.00 758.68
113.50 793.50
114.00 757.11
114.50 838.33
115.00 874.52
115.50 622.42
116.00 813.45
116.50 714.46
117.00 246.58
117.50 456.49
118.00 803.59
118.50 733.15
119.00 684.92
119.50 843.42
120.00 747.83
120.50 768.66
121.00 778.75
121.50 772.93
122.00 681.99
122.50 384.28
123.00 615.76
123.50 687.12
124.00 808.30
124.50 775.58
125.00 519.35
125.50 698.18
126.00 683.69
126.50 713.48
127.00 729.44
127.50 693.31
128.00 764.89
128.50 61.54
129.00 827.19
129.50 681.37
130.00 716.37
130.50 698.08
131.00 740.22
131.50 767.45
132.00 726.95
132.50 866.80
133.00 733.67
133.50 699.24
134.00 572.26
134.50 852.69
135.00 745.50
135.50 691.05
136.00 469.03
136.50 778.25
137.00 789.61
137.50 711.52
138.00 783.83
138.50 311.58
139.00 717.16
139.50 710.84
140.00 714.19
140.50 740.00
141.00 737.61
141.50 703.09
142.00 698.42
142.50 725.51
143.00 688.74
143.50 744.41
144.00 525.94
144.50 710.45
145.00 721.26
145.50 684.73
146.00 792.98
146.50 680.15
147.00 707.92
147.50 702.94
148.00 696.76
148.50 717.84
149.00 702.13
149.50 832.83
150.00 442.87
150.50 714.08
151.00 720.58
151.50 226.97
152.00 526.68
152.50 690.54
153.00 689.34
153.50 705.74
154.00 850.96
154.50 756.14
155.00 900.00
155.50 705.67
156.00 795.19
156.50 720.99
157.00 675.92
157.50 798.52
158.00 731.92
158.50 900.00
159.00 669.83
159.50 659.61
160.00 693.97
160.50 692.55
161.00 679.09
161.50 734.69
162.00 701.77
162.50 684.08
163.00 721.80
163.50 785.36
164.00 798.83
164.50 512.95
165.00 676.00
165.50 818.59
166.00 793.23
166.50 854.90
167.00 705.07
167.50 700.42
168.00 835.01
168.50 704.31
169.00 700.92
169.50 514.62
170.00 825.55
170.50 658.07
171.00 777.60
171.50 820.00
172.00 729.82
172.50 694.39
173.00 684.55
173.50 803.28
174.00 529.17
174.50 836.60
175.00 677.04
175.50 721.40
176.00 421.38
176.50 761.34
177.00 863.01
177.50 825.86
178.00 697.32
178.50 784.98
179.00 719.65
179.50 775.83
180.00 704.53
180.50 740.68
181.00 759.31
181.50 714.21
182.00 740.87
182.50 717.89
183.00 756.07
183.50 725.70
184.00 746.24
184.50 724.54
185.00 757.46
185.50 732.54
186.00 754.61
186.50 696.88
187.00 697.00
187.50 722.85
188.00 747.73
188.50 696.37
189.00 770.11
189.50 734.07
190.00 730.55
190.50 690.74
191.00 694.98
191.50 677.99
192.00 712.55
192.50 780.51
193.00 746.47
193.50 762.06
194.00 780.08
194.50 733.84
195.00 761.51
195.50 704.89
196.00 770.96
196.50 742.13
197.00 754.43
197.50 709.46
198.00 714.40
198.50 745.78
199.00 706.10
199.50 720.18
200.00 725.22
200.50 727.54
201.00 734.03
201.50 773.75
202.00 694.71
202.50 700.52
203.00 757.76
203.50 711.81
204.00 736.58
204.50 695.81
205.00 716.66
205.50 764.36
206.00 748.36
206.50 747.83
207.00 730.38
207.50 734.70
208.00 722.18
208.50 809.69
209.00 746.86
209.50 677.11
210.00 739.90
210.50 731.23
211.00 743.07
211.50 720.08
212.00 757.93
212.50 718.04
213.00 681.31
213.50 821.68
214.00 763.46
214.50 742.62
215.00 790.87
215.50 721.69
216.00 785.02
216.50 734.64
217.00 757.09
217.50 707.20
218.00 687.34
218.50 728.91
219.00 757.06
219.50 689.63
220.00 691.78
220.50 800.92
221.00 740.57
221.50 727.51
222.00 769.25
222.50 784.99
223.00 704.43
223.50 760.41
224.00 730.23
224.50 678.22
225.00 732.38
225.50 699.40
226.00 713.54
226.50 761.14
227.00 746.78
227.50 771.96
228.00 737.79
228.50 762.31
229.00 738.39
229.50 762.77
230.00 704.99
230.50 709.35
231.00 755.00
231.50 729.84
232.00 694.21
232.50 715.52
233.00 755.29
233.50 739.03
234.00 724.57
234.50 774.27
235.00 756.18
235.50 698.29
236.00 707.34
236.50 740.85
237.00 746.53
237.50 766.58
238.00 694.37
238.50 672.67
239.00 723.48
239.50 710.54
240.00 712.84
240.50 703.30
241.00 723.02
241.50 724.20
242.00 709.98
242.50 766.26
243.00 684.72
243.50 780.09
244.00 712.66
244.50 739.01
245.00 697.25
245.50 732.78
246.00 689.54
246.50 678.89
247.00 710.30
247.50 749.14
248.00 725.12
248.50 740.59
249.00 704.82
249.50 687.52
250.00 735.11
250.50 724.09
251.00 744.68
251.50 776.65
252.00 688.91
252.50 737.38
253.00 744.19
253.50 711.11
254.00 741.69
254.50 739.57
255.00 727.30
255.50 697.46
256.00 725.82
256.50 749.82
257.00 723.74
257.50 733.88
258.00 744.34
258.50 752.55
259.00 713.57
259.50 774.06
260.00 717.20
260.50 743.16
261.00 717.94
261.50 692.27
262.00 694.41
262.50 778.96
263.00 714.68
263.50 741.87
264.00 707.15
264.50 758.81
265.00 716.33
265.50 719.83
266.00 727.68
266.50 711.29
267.00 753.95
267.50 794.99
268.00 681.04
268.50 740.47
269.00 733.36
269.50 735.47
270.00 734.23
270.50 724.83
271.00 768.69
271.50 774.76
272.00 748.94
272.50 729.26
273.00 752.10
273.50 764.98
274.00 749.90
274.50 781.37
275.00 755.59
275.50 700.42
276.00 720.27
276.50 645.49
277.00 697.80
277.50 694.03
278.00 779.99
278.50 714.04
279.00 715.59
279.50 668.46
280.00 756.71
280.50 758.27
281.00 717.75
281.50 843.40
282.00 855.74
282.50 739.09
283.00 821.20
283.50 836.12
284.00 851.48
284.50 848.00
285.00 833.63
285.50 848.50
286.00 829.62
286.50 871.05
287.00 792.14
287.50 879.41
288.00 20.65
288.50 350.86
289.00 591.26
289.50 723.63
290.00 773.07
290.50 635.99
291.00 852.80
291.50 832.09
292.00 848.18
292.50 836.98
293.00 833.99
293.50 829.30
294.00 817.39
294.50 810.48
295.00 730.89
295.50 551.05
296.00 100.37
296.50 0.03
297.00 570.62
297.50 882.04
298.00 835.57
298.50 834.04
299.00 849.64
299.50 841.08
