0.00 832.59
0.50 797.84
1.00 840.57
1.50 831.61
2.00 851.44
2.50 829.73
3.00 828.62
3.50 744.63
4.00 425.96
4.50 640.00
5.00 708.16
5.50 752.89
6.00 760.01
6.50 0.00
7.00 629.69
7.50 454.11
8.00 555.20
8.50 96.79
9.00 1.86
9.50 856.64
10.00 138.77
10.50 671.80
11.00 140.67
11.50 18.34
12.00 713.40
12.50 728.41
13.00 444.07
13.50 900.00
14.00 170.50
14.50 389.58
15.00 756.92
15.50 0.00
16.00 0.00
16.50 0.00
17.00 0.00
17.50 0.04
18.00 0.01
18.50 0.00
19.00 672.93
19.50 791.50
20.00 702.09
20.50 735.41
21.00 704.74
21.50 744.88
22.00 569.32
22.50 27.55
23.00 72.13
23.50 824.03
24.00 842.40
24.50 799.43
25.00 565.55
25.50 476.07
26.00 728.98
26.50 814.58
27.00 834.46
27.50 157.43
28.00 0.00
28.50 181.31
29.00 405.41
29.50 713.69
30.00 0.00
30.50 25.47
31.00 487.98
31.50 515.94
32.00 182.57
32.50 707.94
33.00 527.38
33.50 858.60
34.00 772.15
34.50 77.76
35.00 154.92
35.50 65.18
36.00 0.00
36.50 0.00
37.00 0.00
37.50 0.00
38.00 579.67
38.50 723.16
39.00 769.95
39.50 723.56
40.00 0.00
40.50 361.22
41.00 754.59
41.50 729.58
42.00 769.29
42.50 734.98
43.00 425.12
43.50 32.93
44.00 481.03
44.50 590.53
45.00 764.29
45.50 846.12
46.00 846.97
46.50 0.89
47.00 441.64
47.50 744.47
48.00 806.52
48.50 421.17
49.00 738.48
49.50 812.52
50.00 838.64
50.50 765.32
51.00 477.52
51.50 454.06
52.00 758.90
52.50 820.45
53.00 720.37
53.50 900.00
54.00 617.91
54.50 220.04
55.00 758.04
55.50 738.39
56.00 122.37
56.50 21.63
57.00 21.06
57.50 617.33
58.00 88.33
58.50 101.16
59.00 145.62
59.50 545.35
60.00 686.62
60.50 163.99
61.00 571.21
61.50 757.97
62.00 731.39
62.50 737.55
63.00 872.11
63.50 821.07
64.00 877.24
64.50 819.60
65.00 775.73
65.50 732.94
66.00 794.45
66.50 842.60
67.00 688.18
67.50 409.77
68.00 600.23
68.50 678.00
69.00 208.44
69.50 660.92
70.00 751.45
70.50 220.41
71.00 96.07
71.50 752.31
72.00 783.50
72.50 725.33
73.00 710.41
73.50 714.65
74.00 738.60
74.50 848.49
75.00 786.05
75.50 708.58
76.00 712.69
76.50 747.15
77.00 45.79
77.50 705.83
78.00 657.72
78.50 727.35
79.00 522.35
79.50 756.84
80.00 689.17
80.50 720.67
81.00 706.62
81.50 669.66
82.00 698.23
82.50 597.31
83.00 721.51
83.50 576.21
84.00 740.53
84.50 721.25
85.00 774.57
85.50 708.15
86.00 805.46
86.50 719.78
87.00 655.07
87.50 577.02
88.00 697.52
88.50 729.68
89.00 707.35
89.50 717.71
90.00 717.84
90.50 704.10
91.00 699.27
91.50 726.44
92.00 718.08
92.50 750.15
93.00 713.75
93.50 728.82
94.00 715.84
94.50 760.40
95.00 681.98
95.50 814.89
96.00 700.27
96.50 682.73
97.00 690.69
97.50 703.14
98.00 594.90
98.50 504.46
99.00 786.79
99.50 693.64
100.00 705.21
100.50 714.53
101.00 700.16
101.50 836.30
102.00 824.20
102.50 805.33
103.00 825.61
103.50 736.06
104.00 719.85
104.50 469.42
105.00 687.13
105.50 682.83
106.00 809.29
106.50 703.04
107.00 693.46
107.50 685.49
108.00 742.12
108.50 801.50
109.00 786.29
109.50 567.55
110.00 644.32
110.50 726.89
111.00 776.20
111.50 759.88
112.00 709.59
112.50 651.53
113.00 675.82
113.50 445.43
114.00 517.04
114.50 892.01
115.00 727.19
115.50 792.43
116.00 206.26
116.50 805.92
117.00 707.53
117.50 704.76
118.00 811.29
118.50 730.31
119.00 418.99
119.50 707.12
120.00 755.12
120.50 235.89
121.00 652.16
121.50 572.90
122.00 703.57
122.50 820.82
123.00 712.63
123.50 857.87
124.00 785.19
124.50 763.91
125.00 819.02
125.50 712.27
126.00 703.62
126.50 767.06
127.00 730.56
127.50 810.62
128.00 708.65
128.50 739.79
129.00 678.22
129.50 736.86
130.00 712.15
130.50 751.40
131.00 714.61
131.50 786.99
132.00 696.15
132.50 702.31
133.00 694.14
133.50 763.82
134.00 746.00
134.50 770.03
135.00 730.61
135.50 673.56
136.00 736.21
136.50 734.95
137.00 688.08
137.50 678.66
138.00 713.57
138.50 734.52
139.00 748.16
139.50 729.71
140.00 770.75
140.50 713.19
141.00 727.20
141.50 735.40
142.00 769.09
142.50 750.28
143.00 749.19
143.50 721.18
144.00 717.92
144.50 762.27
145.00 762.56
145.50 755.35
146.00 755.73
146.50 743.89
147.00 744.50
147.50 675.29
148.00 734.74
148.50 697.08
149.00 722.36
149.50 705.59
150.00 742.72
150.50 743.36
151.00 696.76
151.50 751.92
152.00 664.81
152.50 679.04
153.00 725.37
153.50 726.31
154.00 726.06
154.50 774.29
155.00 756.74
155.50 768.09
156.00 738.45
156.50 727.93
157.00 716.33
157.50 691.89
158.00 732.35
158.50 725.54
159.00 762.93
159.50 788.36
160.00 737.79
160.50 714.22
161.00 743.85
161.50 779.54
162.00 714.85
162.50 761.54
163.00 729.00
163.50 743.05
164.00 740.54
164.50 773.98
165.00 735.10
165.50 797.20
166.00 745.33
166.50 678.94
167.00 707.73
167.50 718.00
168.00 707.33
168.50 689.59
169.00 746.78
169.50 740.92
170.00 703.12
170.50 695.32
171.00 703.90
171.50 718.12
172.00 718.20
172.50 738.72
173.00 711.89
173.50 717.48
174.00 736.31
174.50 699.55
175.00 767.61
175.50 755.73
176.00 714.14
176.50 693.00
177.00 675.22
177.50 746.51
178.00 680.26
178.50 731.15
179.00 764.42
179.50 707.22
180.00 743.90
180.50 735.27
181.00 752.76
181.50 758.04
182.00 733.90
182.50 732.64
183.00 689.69
183.50 716.38
184.00 706.68
184.50 712.90
185.00 759.32
185.50 777.62
186.00 741.06
186.50 725.77
187.00 754.35
187.50 747.05
188.00 746.98
188.50 729.68
189.00 736.85
189.50 710.73
190.00 735.78
190.50 732.73
191.00 814.22
191.50 710.19
192.00 788.83
192.50 741.62
193.00 745.09
193.50 750.57
194.00 728.62
194.50 738.55
195.00 724.23
195.50 779.30
196.00 739.42
196.50 750.75
197.00 455.24
197.50 581.14
198.00 158.90
198.50 0.00
199.00 124.44
199.50 116.21
200.00 128.03
200.50 26.07
201.00 735.29
201.50 675.45
202.00 742.98
202.50 749.00
203.00 824.87
203.50 834.15
204.00 852.06
204.50 584.64
205.00 785.33
205.50 797.21
206.00 25.19
206.50 636.01
207.00 859.81
207.50 832.17
208.00 832.06
208.50 843.63
209.00 848.08
209.50 744.78
210.00 0.03
210.50 0.01
211.00 0.01
211.50 0.06
212.00 401.39
212.50 541.38
213.00 282.77
213.50 670.59
214.00 719.72
214.50 713.92
215.00 888.06
215.50 661.97
216.00 739.24
216.50 776.80
217.00 420.77
217.50 545.91
218.00 443.61
218.50 626.05
219.00 868.33
219.50 352.99
220.00 836.79
220.50 813.14
221.00 845.80
221.50 856.10
222.00 846.39
222.50 830.12
223.00 818.59
223.50 736.71
224.00 521.18
224.50 687.74
225.00 756.02
225.50 707.97
226.00 816.23
226.50 877.33
227.00 748.42
227.50 731.25
228.00 769.52
228.50 824.01
229.00 852.69
229.50 839.99
230.00 721.47
230.50 143.08
231.00 0.01
231.50 432.25
232.00 839.46
232.50 824.77
233.00 818.39
233.50 610.81
234.00 343.21
234.50 533.36
235.00 45.12
235.50 0.00
236.00 347.37
236.50 457.96
237.00 672.38
237.50 857.53
238.00 850.13
238.50 849.98
239.00 851.41
239.50 833.10
240.00 847.60
240.50 826.08
241.00 791.62
241.50 841.62
242.00 869.76
242.50 771.88
243.00 772.83
243.50 841.90
244.00 831.15
244.50 717.66
245.00 677.53
245.50 519.99
246.00 625.35
246.50 790.26
247.00 753.23
247.50 783.67
248.00 724.67
248.50 837.36
249.00 865.05
249.50 876.66
250.00 721.20
250.50 312.01
251.00 776.08
251.50 758.10
252.00 734.80
252.50 722.56
253.00 710.65
253.50 171.22
254.00 205.00
254.50 207.74
255.00 0.00
255.50 660.31
256.00 603.81
256.50 269.52
257.00 754.74
257.50 693.22
258.00 186.10
258.50 490.78
259.00 733.03
259.50 711.49
260.00 689.79
260.50 665.45
261.00 852.73
261.50 713.03
262.00 691.72
262.50 678.24
263.00 395.77
263.50 726.39
264.00 449.28
264.50 650.37
265.00 706.81
265.50 808.16
266.00 764.99
266.50 688.55
267.00 691.87
267.50 736.31
268.00 707.35
268.50 710.64
269.00 418.05
269.50 767.50
270.00 749.77
270.50 690.84
271.00 726.31
271.50 705.15
272.00 737.11
272.50 728.12
273.00 717.19
273.50 700.67
274.00 817.52
274.50 788.15
275.00 789.51
275.50 574.08
276.00 711.83
276.50 693.19
277.00 186.97
277.50 595.32
278.00 416.93
278.50 537.97
279.00 721.99
279.50 704.17
280.00 736.02
280.50 529.42
281.00 686.75
281.50 720.04
282.00 757.22
282.50 869.73
283.00 789.92
283.50 690.64
284.00 708.50
284.50 673.40
285.00 786.46
285.50 784.96
286.00 700.62
286.50 793.06
287.00 703.92
287.50 898.91
288.00 658.18
288.50 900.00
289.00 741.19
289.50 745.83
290.00 755.13
290.50 616.80
291.00 678.32
291.50 736.46
292.00 702.00
292.50 739.75
293.00 792.25
293.50 381.88
294.00 652.99
294.50 872.13
295.00 777.26
295.50 793.46
296.00 796.78
296.50 749.06
297.00 689.47
297.50 704.77
298.00 844.61
298.50 751.67
299.00 771.15
299.50 721.73
