0.00 714.33
0.50 90.77
1.00 87.31
1.50 154.66
2.00 632.37
2.50 751.93
3.00 733.65
3.50 746.98
4.00 715.78
4.50 849.87
5.00 844.22
5.50 670.72
6.00 740.53
6.50 815.04
7.00 735.90
7.50 881.65
8.00 822.61
8.50 811.78
9.00 828.61
9.50 850.73
10.00 825.69
10.50 852.69
11.00 887.63
11.50 824.29
12.00 841.19
12.50 344.23
13.00 871.07
13.50 852.54
14.00 717.41
14.50 851.65
15.00 875.76
15.50 851.56
16.00 685.56
16.50 849.73
17.00 840.44
17.50 820.08
18.00 116.19
18.50 373.94
19.00 73.60
19.50 738.92
20.00 747.07
20.50 782.31
21.00 786.90
21.50 728.18
22.00 0.00
22.50 511.80
23.00 99.33
23.50 153.71
24.00 0.00
24.50 0.00
25.00 0.00
25.50 821.40
26.00 843.37
26.50 850.73
27.00 739.38
27.50 710.08
28.00 774.63
28.50 851.40
29.00 871.13
29.50 810.95
30.00 867.24
30.50 844.56
31.00 831.60
31.50 872.57
32.00 812.50
32.50 27.19
33.00 0.00
33.50 0.00
34.00 0.01
34.50 264.00
35.00 880.83
35.50 742.37
36.00 420.21
36.50 702.50
37.00 746.17
37.50 777.59
38.00 730.30
38.50 739.06
39.00 721.30
39.50 851.07
40.00 854.20
40.50 847.39
41.00 823.73
41.50 734.82
42.00 703.21
42.50 868.22
43.00 853.34
43.50 839.19
44.00 0.00
44.50 535.73
45.00 746.22
45.50 407.98
46.00 493.65
46.50 672.10
47.00 697.13
47.50 750.52
48.00 757.37
48.50 197.08
49.00 574.87
49.50 466.27
50.00 770.05
50.50 846.27
51.00 832.56
51.50 836.55
52.00 824.49
52.50 848.36
53.00 814.56
53.50 845.48
54.00 807.69
54.50 842.04
55.00 555.42
55.50 733.84
56.00 637.21
56.50 747.11
57.00 826.46
57.50 837.64
58.00 847.68
58.50 810.63
59.00 736.83
59.50 576.10
60.00 707.48
60.50 731.39
61.00 733.28
61.50 524.04
62.00 387.52
62.50 196.72
63.00 460.41
63.50 291.12
64.00 0.00
64.50 99.53
65.00 0.00
65.50 135.17
66.00 444.66
66.50 70.58
67.00 143.29
67.50 0.01
68.00 535.44
68.50 544.57
69.00 687.95
69.50 598.94
70.00 226.18
70.50 117.19
71.00 184.61
71.50 0.00
72.00 334.99
72.50 852.26
73.00 859.03
73.50 819.71
74.00 778.04
74.50 505.96
75.00 726.68
75.50 851.10
76.00 842.37
76.50 836.25
77.00 691.63
77.50 712.07
78.00 728.62
78.50 741.76
79.00 697.58
79.50 735.33
80.00 691.86
80.50 727.61
81.00 691.75
81.50 744.85
82.00 736.18
82.50 736.30
83.00 779.10
83.50 701.15
84.00 687.65
84.50 735.92
85.00 725.70
85.50 681.84
86.00 730.88
86.50 720.76
87.00 696.75
87.50 734.42
88.00 716.49
88.50 704.85
89.00 671.18
89.50 745.75
90.00 753.35
90.50 688.08
91.00 724.48
91.50 728.19
92.00 784.31
92.50 708.44
93.00 721.32
93.50 708.74
94.00 762.38
94.50 687.37
95.00 721.72
95.50 760.11
96.00 739.25
96.50 750.40
97.00 736.33
97.50 771.38
98.00 731.77
98.50 675.83
99.00 748.13
99.50 732.93
100.00 742.15
100.50 739.33
101.00 749.97
101.50 777.73
102.00 728.55
102.50 750.51
103.00 736.67
103.50 773.25
104.00 755.93
104.50 784.88
105.00 728.87
105.50 738.50
106.00 58.95
106.50 190.64
107.00 68.82
107.50 683.26
108.00 772.47
108.50 718.01
109.00 717.62
109.50 802.13
110.00 827.97
110.50 823.01
111.00 850.73
111.50 826.24
112.00 843.17
112.50 838.64
113.00 863.20
113.50 0.02
114.00 0.03
114.50 72.28
115.00 391.49
115.50 773.86
116.00 506.40
116.50 283.22
117.00 696.01
117.50 762.22
118.00 725.21
118.50 643.85
119.00 677.12
119.50 900.00
120.00 703.17
120.50 133.48
121.00 593.97
121.50 795.50
122.00 794.57
122.50 688.48
123.00 674.34
123.50 729.90
124.00 690.60
124.50 672.28
125.00 719.00
125.50 739.22
126.00 866.26
126.50 771.83
127.00 691.23
127.50 733.15
128.00 830.52
128.50 699.25
129.00 695.88
129.50 805.83
130.00 760.72
130.50 710.54
131.00 722.39
131.50 734.83
132.00 733.40
132.50 729.38
133.00 735.01
133.50 762.72
134.00 722.79
134.50 699.16
135.00 694.45
135.50 742.85
136.00 675.58
136.50 835.50
137.00 697.75
137.50 672.46
138.00 713.60
138.50 713.97
139.00 757.28
139.50 782.90
140.00 773.92
140.50 805.46
141.00 849.32
141.50 713.26
142.00 701.49
142.50 758.11
143.00 557.38
143.50 723.63
144.00 719.52
144.50 714.23
145.00 744.33
145.50 735.54
146.00 707.04
146.50 612.95
147.00 673.79
147.50 681.60
148.00 745.74
148.50 799.20
149.00 707.94
149.50 557.83
150.00 0.00
150.50 582.60
151.00 723.00
151.50 715.41
152.00 773.52
152.50 766.32
153.00 709.23
153.50 248.57
154.00 152.07
154.50 622.61
155.00 470.26
155.50 735.47
156.00 795.50
156.50 854.47
157.00 695.15
157.50 217.68
158.00 686.25
158.50 698.38
159.00 48.29
159.50 705.61
160.00 775.64
160.50 0.01
161.00 56.40
161.50 73.18
162.00 792.35
162.50 733.61
163.00 717.06
163.50 746.28
164.00 837.36
164.50 838.34
165.00 825.65
165.50 51.03
166.00 38.54
166.50 118.57
167.00 0.00
167.50 244.14
168.00 9.82
168.50 880.01
169.00 832.31
169.50 867.95
170.00 834.62
170.50 844.11
171.00 848.52
171.50 836.90
172.00 26.28
172.50 887.87
173.00 391.98
173.50 826.00
174.00 842.77
174.50 362.27
175.00 738.61
175.50 759.42
176.00 694.85
176.50 844.34
177.00 675.19
177.50 161.47
178.00 716.08
178.50 698.38
179.00 746.64
179.50 726.54
180.00 765.98
180.50 703.37
181.00 712.27
181.50 728.42
182.00 744.50
182.50 758.90
183.00 779.07
183.50 700.86
184.00 759.50
184.50 670.43
185.00 698.61
185.50 728.11
186.00 707.67
186.50 732.93
187.00 759.47
187.50 731.55
188.00 740.35
188.50 764.34
189.00 723.22
189.50 710.36
190.00 747.68
190.50 778.25
191.00 754.80
191.50 718.76
192.00 686.00
192.50 758.71
193.00 728.28
193.50 786.98
194.00 786.50
194.50 771.68
195.00 743.40
195.50 724.58
196.00 769.91
196.50 732.61
197.00 733.83
197.50 726.98
198.00 763.38
198.50 672.91
199.00 743.72
199.50 735.26
200.00 713.08
200.50 727.84
201.00 734.10
201.50 730.86
202.00 701.65
202.50 691.99
203.00 686.89
203.50 757.33
204.00 775.04
204.50 773.48
205.00 674.42
205.50 658.47
206.00 693.31
206.50 706.79
207.00 718.68
207.50 780.95
208.00 737.77
208.50 736.83
209.00 787.47
209.50 798.26
210.00 716.17
210.50 702.04
211.00 756.69
211.50 696.95
212.00 776.98
212.50 734.71
213.00 731.99
213.50 694.51
214.00 686.57
214.50 734.04
215.00 797.89
215.50 734.15
216.00 763.07
216.50 698.71
217.00 696.66
217.50 665.28
218.00 714.91
218.50 696.33
219.00 727.43
219.50 740.22
220.00 769.47
220.50 758.69
221.00 751.88
221.50 735.77
222.00 767.99
222.50 695.17
223.00 725.71
223.50 732.21
224.00 746.01
224.50 699.48
225.00 725.47
225.50 738.38
226.00 698.59
226.50 731.45
227.00 703.35
227.50 722.71
228.00 678.66
228.50 691.48
229.00 662.89
229.50 703.70
230.00 737.65
230.50 708.99
231.00 735.14
231.50 694.76
232.00 718.86
232.50 696.69
233.00 695.65
233.50 768.38
234.00 728.14
234.50 692.64
235.00 745.89
235.50 767.66
236.00 731.54
236.50 725.85
237.00 770.89
237.50 736.66
238.00 752.15
238.50 713.59
239.00 752.93
239.50 739.34
240.00 736.02
240.50 719.94
241.00 690.05
241.50 752.10
242.00 767.52
242.50 806.53
243.00 693.10
243.50 728.85
244.00 688.95
244.50 647.29
245.00 814.26
245.50 707.69
246.00 759.76
246.50 655.83
247.00 727.97
247.50 492.45
248.00 546.41
248.50 756.14
249.00 729.52
249.50 836.98
250.00 717.05
250.50 898.15
251.00 744.15
251.50 696.49
252.00 737.80
252.50 712.80
253.00 722.38
253.50 893.01
254.00 808.64
254.50 686.75
255.00 827.37
255.50 797.94
256.00 900.00
256.50 785.84
257.00 719.26
257.50 746.07
258.00 723.47
258.50 715.79
259.00 757.75
259.50 746.42
260.00 763.20
260.50 727.47
261.00 765.38
261.50 679.18
262.00 726.16
262.50 705.40
263.00 750.34
263.50 707.06
264.00 793.30
264.50 716.33
265.00 726.76
265.50 709.13
266.00 710.26
266.50 760.82
267.00 743.02
267.50 717.48
268.00 727.84
268.50 722.38
269.00 774.90
269.50 767.61
270.00 755.90
270.50 780.38
271.00 795.02
271.50 713.41
272.00 705.10
272.50 776.54
273.00 699.36
273.50 760.63
274.00 744.59
274.50 792.60
275.00 729.12
275.50 713.92
276.00 702.92
276.50 782.97
277.00 700.89
277.50 733.52
278.00 716.38
278.50 689.49
279.00 704.55
279.50 735.64
280.00 730.45
280.50 782.89
281.00 703.39
281.50 704.40
282.00 722.40
282.50 726.68
283.00 705.83
283.50 780.62
284.00 777.23
284.50 716.68
285.00 744.50
285.50 726.38
286.00 708.61
286.50 700.63
287.00 741.55
287.50 748.25
288.00 750.79
288.50 842.66
289.00 732.63
289.50 722.28
290.00 755.98
290.50 724.98
291.00 724.66
291.50 810.51
292.00 386.15
292.50 524.41
293.00 693.63
293.50 772.12
294.00 764.37
294.50 692.21
295.00 636.20
295.50 854.25
296.00 707.01
296.50 718.47
297.00 698.06
297.50 702.24
298.00 743.56
298.50 732.22
299.00 770.16
299.50 727.11
