0.00 724.12
0.50 715.57
1.00 755.42
1.50 750.06
2.00 759.20
2.50 778.58
3.00 720.40
3.50 768.87
4.00 748.25
4.50 724.64
5.00 831.17
5.50 841.34
6.00 811.25
6.50 887.46
7.00 130.03
7.50 410.22
8.00 311.02
8.50 702.03
9.00 857.64
9.50 811.73
10.00 623.72
10.50 562.91
11.00 763.19
11.50 529.45
12.00 552.45
12.50 463.45
13.00 130.85
13.50 847.32
14.00 838.27
14.50 760.96
15.00 734.27
15.50 720.44
16.00 861.90
16.50 837.91
17.00 743.20
17.50 730.85
18.00 827.20
18.50 819.63
19.00 846.91
19.50 208.40
20.00 0.00
20.50 0.00
21.00 130.94
21.50 0.00
22.00 0.00
22.50 0.02
23.00 0.00
23.50 0.00
24.00 109.40
24.50 797.45
25.00 706.61
25.50 855.29
26.00 854.49
26.50 837.41
27.00 836.99
27.50 838.39
28.00 848.52
28.50 838.69
29.00 798.28
29.50 734.12
30.00 707.76
30.50 775.91
31.00 728.25
31.50 709.77
32.00 0.02
32.50 0.03
33.00 573.31
33.50 852.26
34.00 832.82
34.50 17.37
35.00 0.00
35.50 0.00
36.00 0.00
36.50 0.00
37.00 0.03
37.50 0.00
38.00 272.68
38.50 343.46
39.00 543.29
39.50 816.14
40.00 624.49
40.50 732.47
41.00 831.69
41.50 690.74
42.00 438.31
42.50 712.85
43.00 698.03
43.50 826.36
44.00 900.00
44.50 720.71
45.00 355.46
45.50 662.98
46.00 706.61
46.50 717.57
47.00 707.06
47.50 696.35
48.00 708.67
48.50 289.02
49.00 755.96
49.50 687.93
50.00 856.47
50.50 94.55
51.00 709.23
51.50 796.12
52.00 722.76
52.50 700.64
53.00 733.77
53.50 715.76
54.00 737.49
54.50 751.52
55.00 735.90
55.50 738.77
56.00 769.20
56.50 769.79
57.00 751.63
57.50 735.35
58.00 701.98
58.50 735.46
59.00 715.13
59.50 690.57
60.00 740.58
60.50 722.37
61.00 717.99
61.50 744.07
62.00 732.57
62.50 764.60
63.00 723.06
63.50 727.73
64.00 761.66
64.50 723.62
65.00 693.73
65.50 735.40
66.00 714.35
66.50 759.42
67.00 739.35
67.50 747.65
68.00 739.81
68.50 713.66
69.00 746.28
69.50 748.66
70.00 772.05
70.50 764.38
71.00 700.96
71.50 708.61
72.00 753.93
72.50 751.46
73.00 755.91
73.50 737.84
74.00 762.76
74.50 189.63
75.00 130.46
75.50 0.00
76.00 51.51
76.50 47.76
77.00 32.13
77.50 0.01
78.00 0.00
78.50 0.00
79.00 0.00
79.50 127.72
80.00 450.94
80.50 757.35
81.00 808.42
81.50 857.58
82.00 835.45
82.50 841.03
83.00 865.99
83.50 31.58
84.00 835.69
84.50 175.56
85.00 62.10
85.50 245.64
86.00 0.00
86.50 0.02
87.00 0.02
87.50 0.00
88.00 0.01
88.50 0.02
89.00 0.00
89.50 0.00
90.00 0.01
90.50 0.00
91.00 0.01
91.50 489.08
92.00 827.28
92.50 521.05
93.00 456.96
93.50 726.54
94.00 719.54
94.50 822.62
95.00 0.03
95.50 0.01
96.00 0.00
96.50 0.00
97.00 83.25
97.50 70.72
98.00 179.53
98.50 86.81
99.00 183.28
99.50 214.38
100.00 467.61
100.50 416.48
101.00 861.03
101.50 690.57
102.00 705.44
102.50 820.52
103.00 732.79
103.50 669.36
104.00 636.39
104.50 520.47
105.00 434.37
105.50 563.19
106.00 0.00
106.50 0.00
107.00 0.00
107.50 0.00
108.00 0.00
108.50 0.00
109.00 0.00
109.50 0.00
110.00 730.83
110.50 752.80
111.00 711.78
111.50 740.84
112.00 731.89
112.50 209.89
113.00 0.00
113.50 0.00
114.00 471.45
114.50 814.48
115.00 161.96
115.50 0.00
116.00 0.00
116.50 0.00
117.00 0.01
117.50 490.11
118.00 630.09
118.50 769.05
119.00 807.22
119.50 833.13
120.00 778.70
120.50 468.96
121.00 747.92
121.50 778.89
122.00 63.27
122.50 200.90
123.00 114.07
123.50 135.87
124.00 690.32
124.50 717.33
125.00 726.87
125.50 690.45
126.00 752.06
126.50 385.50
127.00 833.96
127.50 861.04
128.00 859.21
128.50 853.87
129.00 693.82
129.50 730.83
130.00 799.16
130.50 873.88
131.00 807.98
131.50 746.01
132.00 863.41
132.50 851.22
133.00 832.14
133.50 843.87
134.00 399.83
134.50 400.13
135.00 364.10
135.50 718.69
136.00 781.30
136.50 544.05
137.00 598.63
137.50 700.48
138.00 726.42
138.50 0.02
139.00 0.00
139.50 0.01
140.00 0.01
140.50 0.00
141.00 0.00
141.50 0.00
142.00 56.59
142.50 814.35
143.00 58.08
143.50 0.00
144.00 218.25
144.50 0.00
145.00 723.27
145.50 734.23
146.00 743.12
146.50 107.93
147.00 690.64
147.50 755.60
148.00 711.85
148.50 717.63
149.00 724.38
149.50 749.57
150.00 681.13
150.50 773.16
151.00 758.56
151.50 851.30
152.00 833.33
152.50 772.03
153.00 718.41
153.50 749.09
154.00 729.71
154.50 775.77
155.00 692.11
155.50 0.00
156.00 0.00
156.50 0.00
157.00 55.27
157.50 0.00
158.00 19.78
158.50 510.98
159.00 489.23
159.50 838.84
160.00 861.17
160.50 831.00
161.00 820.67
161.50 832.08
162.00 727.96
162.50 744.25
163.00 718.16
163.50 717.60
164.00 125.56
164.50 0.00
165.00 395.05
165.50 33.12
166.00 266.75
166.50 781.26
167.00 728.09
167.50 477.36
168.00 269.41
168.50 720.23
169.00 381.31
169.50 131.71
170.00 19.29
170.50 0.01
171.00 0.00
171.50 182.98
172.00 619.22
172.50 737.86
173.00 105.84
173.50 0.00
174.00 0.02
174.50 0.01
175.00 829.41
175.50 860.12
176.00 817.65
176.50 826.94
177.00 681.05
177.50 688.33
178.00 737.00
178.50 0.00
179.00 0.01
179.50 374.60
180.00 743.68
180.50 793.88
181.00 747.56
181.50 796.20
182.00 721.27
182.50 738.97
183.00 731.06
183.50 720.63
184.00 762.74
184.50 727.98
185.00 710.99
185.50 655.21
186.00 754.70
186.50 727.65
187.00 713.42
187.50 0.00
188.00 0.01
188.50 153.62
189.00 0.00
189.50 0.00
190.00 0.01
190.50 242.91
191.00 122.89
191.50 869.90
192.00 871.45
192.50 815.13
193.00 853.03
193.50 727.74
194.00 59.44
194.50 337.47
195.00 419.69
195.50 534.66
196.00 737.91
196.50 757.98
197.00 738.72
197.50 180.20
198.00 518.36
198.50 229.76
199.00 85.69
199.50 583.79
200.00 724.83
200.50 746.11
201.00 707.77
201.50 815.16
202.00 733.15
202.50 615.87
203.00 728.45
203.50 644.85
204.00 860.00
204.50 502.82
205.00 103.02
205.50 161.45
206.00 584.52
206.50 761.70
207.00 727.06
207.50 759.28
208.00 740.72
208.50 723.05
209.00 728.93
209.50 733.66
210.00 716.91
210.50 735.79
211.00 763.45
211.50 719.50
212.00 759.67
212.50 701.96
213.00 748.92
213.50 709.28
214.00 717.68
214.50 714.38
215.00 759.60
215.50 748.48
216.00 728.55
216.50 783.78
217.00 757.48
217.50 747.05
218.00 739.10
218.50 730.60
219.00 720.34
219.50 733.02
220.00 703.22
220.50 719.38
221.00 724.48
221.50 757.35
222.00 747.81
222.50 734.80
223.00 829.84
223.50 709.14
224.00 818.43
224.50 900.00
225.00 831.44
225.50 749.03
226.00 787.43
226.50 816.65
227.00 790.48
227.50 534.55
228.00 687.63
228.50 820.99
229.00 692.86
229.50 780.04
230.00 793.44
230.50 687.68
231.00 697.16
231.50 723.49
232.00 670.01
232.50 696.31
233.00 706.10
233.50 706.54
234.00 583.92
234.50 690.84
235.00 707.27
235.50 796.29
236.00 882.45
236.50 829.84
237.00 777.61
237.50 825.22
238.00 816.61
238.50 706.55
239.00 865.99
239.50 671.91
240.00 708.53
240.50 802.86
241.00 747.50
241.50 739.78
242.00 816.37
242.50 741.51
243.00 758.87
243.50 472.20
244.00 715.26
244.50 736.75
245.00 775.89
245.50 360.08
246.00 641.64
246.50 713.87
247.00 729.66
247.50 801.02
248.00 768.12
248.50 682.13
249.00 352.79
249.50 720.95
250.00 744.54
250.50 685.05
251.00 755.38
251.50 694.13
252.00 850.96
252.50 780.63
253.00 721.63
253.50 723.10
254.00 712.64
254.50 720.03
255.00 673.83
255.50 679.77
256.00 266.51
256.50 761.96
257.00 765.67
257.50 696.08
258.00 737.62
258.50 686.74
259.00 699.68
259.50 699.08
260.00 678.49
260.50 846.31
261.00 678.25
261.50 710.22
262.00 726.73
262.50 730.49
263.00 735.66
263.50 756.20
264.00 777.92
264.50 719.25
265.00 815.88
265.50 883.14
266.00 748.35
266.50 686.93
267.00 676.46
267.50 827.00
268.00 816.12
268.50 814.10
269.00 746.11
269.50 753.59
270.00 721.86
270.50 732.33
271.00 749.21
271.50 684.63
272.00 790.93
272.50 732.51
273.00 770.32
273.50 713.06
274.00 770.00
274.50 712.28
275.00 751.54
275.50 691.39
276.00 742.59
276.50 733.92
277.00 742.96
277.50 764.14
278.00 735.42
278.50 707.60
279.00 732.19
279.50 729.11
280.00 753.59
280.50 687.86
281.00 713.75
281.50 746.23
282.00 723.14
282.50 703.25
283.00 693.97
283.50 723.04
284.00 710.77
284.50 738.97
285.00 718.69
285.50 738.67
286.00 795.85
286.50 721.14
287.00 745.71
287.50 775.82
288.00 738.46
288.50 760.25
289.00 770.37
289.50 712.69
290.00 717.34
290.50 830.13
291.00 713.67
291.50 720.30
292.00 732.44
292.50 698.06
293.00 712.77
293.50 710.38
294.00 722.15
294.50 754.01
295.00 726.37
295.50 751.39
296.00 731.19
296.50 729.41
297.00 695.36
297.50 685.01
298.00 722.70
298.50 772.17
299.00 748.15
299.50 717.79
