0.00 459.22
0.50 482.15
1.00 401.90
1.50 714.81
2.00 141.67
2.50 0.00
3.00 18.93
3.50 816.16
4.00 661.20
4.50 380.15
5.00 768.00
5.50 709.82
6.00 684.73
6.50 735.52
7.00 714.33
7.50 744.84
8.00 751.19
8.50 760.14
9.00 738.66
9.50 749.20
10.00 720.12
10.50 677.05
11.00 788.50
11.50 659.78
12.00 725.50
12.50 690.90
13.00 735.29
13.50 749.79
14.00 735.25
14.50 758.13
15.00 745.93
15.50 763.89
16.00 732.76
16.50 736.90
17.00 781.36
17.50 780.99
18.00 766.21
18.50 768.34
19.00 708.46
19.50 713.56
20.00 725.90
20.50 707.26
21.00 722.81
21.50 699.43
22.00 703.59
22.50 745.83
23.00 785.32
23.50 724.95
24.00 717.16
24.50 744.57
25.00 724.12
25.50 756.75
26.00 710.95
26.50 760.39
27.00 753.54
27.50 739.09
28.00 718.08
28.50 722.39
29.00 749.39
29.50 717.15
30.00 716.52
30.50 717.97
31.00 806.14
31.50 700.24
32.00 739.88
32.50 753.65
33.00 632.20
33.50 755.81
34.00 737.61
34.50 775.37
35.00 710.44
35.50 773.22
36.00 709.62
36.50 720.83
37.00 715.74
37.50 764.90
38.00 774.18
38.50 757.54
39.00 721.32
39.50 745.19
40.00 764.75
40.50 752.86
41.00 726.28
41.50 725.14
42.00 756.43
42.50 732.17
43.00 801.10
43.50 731.39
44.00 745.57
44.50 766.28
45.00 756.14
45.50 694.96
46.00 736.82
46.50 763.53
47.00 781.06
47.50 744.82
48.00 731.20
48.50 739.75
49.00 708.61
49.50 727.63
50.00 717.47
50.50 755.44
51.00 719.77
51.50 736.47
52.00 730.79
52.50 784.94
53.00 737.62
53.50 691.73
54.00 770.19
54.50 732.37
55.00 726.47
55.50 728.47
56.00 767.71
56.50 693.25
57.00 761.13
57.50 712.43
58.00 778.78
58.50 746.95
59.00 754.35
59.50 705.97
60.00 676.19
60.50 768.09
61.00 766.05
61.50 717.54
62.00 695.27
62.50 707.32
63.00 754.66
63.50 765.98
64.00 727.88
64.50 702.68
65.00 679.14
65.50 761.54
66.00 788.78
66.50 726.39
67.00 762.05
67.50 731.13
68.00 683.92
68.50 763.46
69.00 775.12
69.50 682.19
70.00 750.91
70.50 725.08
71.00 777.16
71.50 698.63
72.00 714.56
72.50 732.08
73.00 710.10
73.50 741.78
74.00 739.87
74.50 736.37
75.00 738.34
75.50 743.27
76.00 717.71
76.50 718.00
77.00 670.49
77.50 697.20
78.00 712.39
78.50 800.18
79.00 707.19
79.50 745.62
80.00 719.49
80.50 730.21
81.00 748.34
81.50 762.17
82.00 662.12
82.50 698.62
83.00 718.45
83.50 754.35
84.00 690.37
84.50 698.76
85.00 717.02
85.50 729.38
86.00 769.76
86.50 785.28
87.00 760.09
87.50 730.86
88.00 657.83
88.50 750.92
89.00 701.84
89.50 684.57
90.00 721.96
90.50 739.26
91.00 773.77
91.50 667.89
92.00 720.74
92.50 751.53
93.00 707.07
93.50 691.78
94.00 726.86
94.50 706.11
95.00 724.66
95.50 755.88
96.00 683.38
96.50 735.72
97.00 757.77
97.50 693.71
98.00 695.34
98.50 682.97
99.00 711.31
99.50 746.95
100.00 723.91
100.50 755.75
101.00 716.93
101.50 782.99
102.00 713.67
102.50 650.89
103.00 752.05
103.50 700.03
104.00 748.21
104.50 749.68
105.00 697.20
105.50 693.25
106.00 737.20
106.50 729.15
107.00 742.56
107.50 747.62
108.00 755.73
108.50 736.49
109.00 771.71
109.50 725.97
110.00 671.34
110.50 709.42
111.00 777.20
111.50 751.68
112.00 723.32
112.50 756.11
113.00 699.28
113.50 769.80
114.00 741.08
114.50 717.57
115.00 784.03
115.50 732.49
116.00 695.95
116.50 707.52
117.00 691.41
117.50 767.28
118.00 753.35
118.50 797.24
119.00 730.03
119.50 715.20
120.00 788.72
120.50 727.57
121.00 718.51
121.50 729.90
122.00 716.64
122.50 741.32
123.00 744.54
123.50 688.80
124.00 749.48
124.50 733.87
125.00 734.33
125.50 692.49
126.00 712.53
126.50 726.56
127.00 755.08
127.50 732.32
128.00 717.71
128.50 765.08
129.00 744.53
129.50 722.20
130.00 716.35
130.50 794.01
131.00 732.97
131.50 778.65
132.00 775.20
132.50 697.70
133.00 722.77
133.50 740.97
134.00 793.97
134.50 739.84
135.00 748.98
135.50 739.05
136.00 710.16
136.50 737.82
137.00 705.07
137.50 700.89
138.00 715.52
138.50 733.97
139.00 755.10
139.50 645.65
140.00 744.25
140.50 757.53
141.00 708.45
141.50 705.55
142.00 743.62
142.50 692.54
143.00 704.27
143.50 800.12
144.00 746.66
144.50 714.71
145.00 755.34
145.50 756.37
146.00 704.45
146.50 785.25
147.00 738.72
147.50 751.48
148.00 741.59
148.50 721.02
149.00 732.47
149.50 713.44
150.00 741.13
150.50 704.58
151.00 680.78
151.50 776.80
152.00 708.00
152.50 731.70
153.00 752.50
153.50 706.11
154.00 697.10
154.50 706.37
155.00 708.29
155.50 728.62
156.00 787.63
156.50 759.41
157.00 729.24
157.50 719.79
158.00 740.20
158.50 718.36
159.00 709.25
159.50 757.84
160.00 714.93
160.50 789.70
161.00 758.09
161.50 782.14
162.00 743.58
162.50 713.72
163.00 779.38
163.50 761.66
164.00 721.50
164.50 749.66
165.00 742.70
165.50 723.45
166.00 738.44
166.50 743.42
167.00 745.73
167.50 687.95
168.00 684.43
168.50 712.30
169.00 711.71
169.50 731.75
170.00 739.80
170.50 698.17
171.00 725.87
171.50 689.67
172.00 772.76
172.50 758.22
173.00 832.24
173.50 796.44
174.00 793.08
174.50 819.38
175.00 814.56
175.50 781.27
176.00 673.41
176.50 730.23
177.00 731.73
177.50 728.81
178.00 816.32
178.50 808.97
179.00 722.68
179.50 723.27
180.00 731.79
180.50 781.09
181.00 735.25
181.50 752.57
182.00 762.27
182.50 717.00
183.00 790.06
183.50 703.68
184.00 716.67
184.50 716.58
185.00 758.62
185.50 746.62
186.00 728.18
186.50 741.95
187.00 830.95
187.50 786.83
188.00 775.86
188.50 683.57
189.00 787.46
189.50 786.55
190.00 847.08
190.50 731.44
191.00 646.51
191.50 538.43
192.00 837.70
192.50 707.38
193.00 721.78
193.50 673.62
194.00 689.34
194.50 718.20
195.00 738.84
195.50 848.83
196.00 753.11
196.50 813.39
197.00 701.87
197.50 724.70
198.00 711.09
198.50 473.65
199.00 677.05
199.50 698.11
200.00 715.96
200.50 709.61
201.00 848.26
201.50 852.18
202.00 725.86
202.50 677.95
203.00 757.26
203.50 699.61
204.00 710.08
204.50 771.07
205.00 726.98
205.50 753.87
206.00 699.02
206.50 750.96
207.00 733.13
207.50 747.82
208.00 690.32
208.50 801.97
209.00 772.86
209.50 697.98
210.00 766.50
210.50 702.90
211.00 713.48
211.50 823.57
212.00 713.01
212.50 701.77
213.00 564.55
213.50 437.69
214.00 669.74
214.50 841.54
215.00 803.26
215.50 666.29
216.00 711.58
216.50 682.37
217.00 751.28
217.50 824.80
218.00 738.10
218.50 842.03
219.00 710.51
219.50 360.53
220.00 762.46
220.50 686.71
221.00 720.61
221.50 715.37
222.00 698.75
222.50 572.91
223.00 683.63
223.50 695.18
224.00 727.10
224.50 682.05
225.00 654.06
225.50 704.32
226.00 682.62
226.50 663.51
227.00 694.46
227.50 682.21
228.00 699.74
228.50 806.41
229.00 347.36
229.50 687.02
230.00 846.46
230.50 735.59
231.00 769.37
231.50 693.36
232.00 545.07
232.50 900.00
233.00 720.57
233.50 709.71
234.00 718.66
234.50 681.06
235.00 711.03
235.50 693.01
236.00 707.70
236.50 735.67
237.00 654.31
237.50 694.98
238.00 717.47
238.50 440.84
239.00 724.72
239.50 729.02
240.00 695.73
240.50 798.55
241.00 798.88
241.50 707.84
242.00 711.00
242.50 861.11
243.00 783.05
243.50 691.80
244.00 44.41
244.50 865.79
245.00 769.91
245.50 717.06
246.00 694.34
246.50 724.14
247.00 750.74
247.50 465.16
248.00 508.74
248.50 700.78
249.00 833.25
249.50 805.84
250.00 813.18
250.50 242.86
251.00 649.04
251.50 764.62
252.00 814.80
252.50 702.01
253.00 697.35
253.50 696.51
254.00 712.06
254.50 713.52
255.00 703.37
255.50 718.89
256.00 477.86
256.50 714.45
257.00 722.32
257.50 780.70
258.00 697.63
258.50 813.30
259.00 752.15
259.50 807.86
260.00 675.78
260.50 876.02
261.00 694.02
261.50 817.29
262.00 885.95
262.50 803.89
263.00 408.89
263.50 693.12
264.00 722.88
264.50 698.51
265.00 704.22
265.50 702.07
266.00 710.80
266.50 848.41
267.00 825.77
267.50 716.38
268.00 719.22
268.50 740.31
269.00 736.05
269.50 694.78
270.00 701.33
270.50 706.53
271.00 762.67
271.50 725.11
272.00 715.29
272.50 731.45
273.00 771.31
273.50 723.10
274.00 758.50
274.50 744.67
275.00 760.04
275.50 743.95
276.00 795.70
276.50 759.50
277.00 690.44
277.50 789.92
278.00 796.53
278.50 758.07
279.00 743.97
279.50 770.11
280.00 667.52
280.50 725.51
281.00 705.81
281.50 711.14
282.00 713.49
282.50 745.92
283.00 717.02
283.50 690.25
284.00 717.99
284.50 714.40
285.00 738.86
285.50 712.07
286.00 770.95
286.50 719.28
287.00 700.18
287.50 665.32
288.00 759.58
288.50 725.03
289.00 752.37
289.50 783.14
290.00 714.35
290.50 702.02
291.00 690.34
291.50 768.26
292.00 789.11
292.50 716.43
293.00 756.84
293.50 673.94
294.00 707.26
294.50 715.54
295.00 696.25
295.50 783.37
296.00 715.20
296.50 768.66
297.00 728.76
297.50 764.26
298.00 756.11
298.50 672.97
299.00 721.48
299.50 721.24
