0.00 103.82
0.50 670.70
1.00 811.37
1.50 761.95
2.00 752.38
2.50 731.28
3.00 716.58
3.50 200.14
4.00 158.64
4.50 367.39
5.00 696.42
5.50 790.35
6.00 754.48
6.50 625.74
7.00 850.28
7.50 866.03
8.00 832.71
8.50 850.64
9.00 828.87
9.50 794.91
10.00 0.00
10.50 0.01
11.00 0.01
11.50 0.02
12.00 436.83
12.50 831.16
13.00 839.78
13.50 881.83
14.00 829.95
14.50 849.17
15.00 843.46
15.50 832.87
16.00 710.42
16.50 429.56
17.00 180.97
17.50 0.00
18.00 427.92
18.50 460.38
19.00 786.32
19.50 735.40
20.00 743.14
20.50 856.97
21.00 758.39
21.50 839.10
22.00 859.90
22.50 841.45
23.00 753.15
23.50 741.73
24.00 0.00
24.50 0.02
25.00 0.01
25.50 66.44
26.00 163.79
26.50 631.74
27.00 522.12
27.50 603.66
28.00 453.29
28.50 753.28
29.00 688.70
29.50 772.68
30.00 741.52
30.50 748.87
31.00 101.42
31.50 556.48
32.00 400.56
32.50 493.07
33.00 434.06
33.50 67.93
34.00 143.73
34.50 155.04
35.00 0.00
35.50 0.01
36.00 0.00
36.50 0.00
37.00 351.74
37.50 696.53
38.00 767.27
38.50 786.14
39.00 743.29
39.50 629.04
40.00 826.04
40.50 853.83
41.00 791.40
41.50 740.14
42.00 724.58
42.50 669.35
43.00 309.02
43.50 726.44
44.00 854.63
44.50 805.79
45.00 798.62
45.50 693.00
46.00 764.40
46.50 0.00
47.00 0.00
47.50 226.84
48.00 841.91
48.50 4.20
49.00 274.18
49.50 116.02
50.00 762.07
50.50 740.43
51.00 685.80
51.50 754.23
52.00 702.73
52.50 675.17
53.00 696.43
53.50 712.44
54.00 742.23
54.50 756.77
55.00 743.18
55.50 706.97
56.00 714.79
56.50 713.78
57.00 737.87
57.50 712.89
58.00 720.15
58.50 675.99
59.00 760.16
59.50 754.37
60.00 750.40
60.50 713.42
61.00 729.18
61.50 726.35
62.00 724.52
62.50 769.11
63.00 777.37
63.50 733.34
64.00 755.04
64.50 756.71
65.00 659.87
65.50 735.59
66.00 741.24
66.50 727.87
67.00 758.78
67.50 716.47
68.00 771.15
68.50 756.73
69.00 699.46
69.50 758.34
70.00 725.64
70.50 738.68
71.00 753.48
71.50 780.73
72.00 770.68
72.50 811.21
73.00 833.15
73.50 872.80
74.00 748.62
74.50 737.90
75.00 716.12
75.50 782.73
76.00 813.18
76.50 553.15
77.00 523.74
77.50 691.97
78.00 825.01
78.50 730.22
79.00 695.64
79.50 440.74
80.00 710.40
80.50 834.85
81.00 743.10
81.50 645.01
82.00 876.28
82.50 822.33
83.00 712.80
83.50 796.18
84.00 794.88
84.50 724.49
85.00 829.11
85.50 435.57
86.00 529.31
86.50 692.02
87.00 784.63
87.50 727.26
88.00 805.90
88.50 778.84
89.00 686.68
89.50 708.11
90.00 900.00
90.50 832.80
91.00 700.89
91.50 725.08
92.00 636.62
92.50 701.21
93.00 721.05
93.50 900.00
94.00 493.63
94.50 542.09
95.00 695.85
95.50 853.54
96.00 845.71
96.50 702.65
97.00 605.98
97.50 871.57
98.00 797.54
98.50 694.07
99.00 818.75
99.50 821.62
100.00 678.82
100.50 741.70
101.00 482.98
101.50 714.66
102.00 670.10
102.50 700.71
103.00 666.68
103.50 677.84
104.00 715.33
104.50 633.12
105.00 576.02
105.50 822.61
106.00 736.81
106.50 715.50
107.00 302.38
107.50 718.48
108.00 443.52
108.50 606.20
109.00 673.66
109.50 814.09
110.00 855.83
110.50 840.80
111.00 845.66
111.50 690.48
112.00 697.84
112.50 731.21
113.00 848.68
113.50 674.69
114.00 353.32
114.50 564.03
115.00 708.25
115.50 828.01
116.00 763.15
116.50 729.95
117.00 832.82
117.50 752.08
118.00 700.03
118.50 795.99
119.00 681.60
119.50 730.06
120.00 677.70
120.50 726.70
121.00 717.43
121.50 701.64
122.00 711.11
122.50 733.12
123.00 730.67
123.50 794.66
124.00 492.29
124.50 696.86
125.00 691.15
125.50 685.66
126.00 397.25
126.50 695.61
127.00 682.58
127.50 707.94
128.00 783.20
128.50 201.09
129.00 831.32
129.50 643.26
130.00 748.61
130.50 681.42
131.00 720.34
131.50 441.59
132.00 728.18
132.50 813.87
133.00 834.59
133.50 841.22
134.00 701.97
134.50 784.31
135.00 374.00
135.50 716.58
136.00 841.22
136.50 723.19
137.00 768.24
137.50 785.50
138.00 889.83
138.50 716.90
139.00 801.81
139.50 698.06
140.00 729.62
140.50 720.64
141.00 750.72
141.50 751.21
142.00 514.79
142.50 747.00
143.00 722.85
143.50 700.59
144.00 717.30
144.50 759.14
145.00 622.94
145.50 703.72
146.00 705.84
146.50 761.18
147.00 322.03
147.50 643.37
148.00 659.38
148.50 666.06
149.00 770.28
149.50 719.38
150.00 707.55
150.50 827.98
151.00 736.43
151.50 807.03
152.00 779.75
152.50 692.91
153.00 763.47
153.50 689.28
154.00 669.32
154.50 737.82
155.00 813.33
155.50 0.02
156.00 565.34
156.50 805.37
157.00 701.00
157.50 123.49
158.00 357.16
158.50 371.74
159.00 227.49
159.50 0.00
160.00 123.61
160.50 107.63
161.00 0.00
161.50 828.94
162.00 737.16
162.50 754.76
163.00 175.44
163.50 835.53
164.00 859.76
164.50 857.96
165.00 751.69
165.50 723.65
166.00 768.40
166.50 100.94
167.00 168.08
167.50 0.03
168.00 88.50
168.50 176.08
169.00 538.43
169.50 181.83
170.00 0.00
170.50 0.02
171.00 224.25
171.50 53.41
172.00 773.85
172.50 731.69
173.00 878.45
173.50 852.54
174.00 814.63
174.50 0.01
175.00 839.00
175.50 719.63
176.00 661.01
176.50 735.64
177.00 885.32
177.50 830.91
178.00 68.46
178.50 0.02
179.00 0.00
179.50 0.01
180.00 0.02
180.50 0.00
181.00 0.00
181.50 0.00
182.00 0.00
182.50 0.04
183.00 572.86
183.50 731.66
184.00 855.60
184.50 834.09
185.00 845.36
185.50 27.90
186.00 28.16
186.50 55.02
187.00 0.00
187.50 0.00
188.00 739.54
188.50 483.26
189.00 779.99
189.50 768.51
190.00 703.46
190.50 695.15
191.00 724.87
191.50 763.60
192.00 586.32
192.50 133.04
193.00 544.68
193.50 476.79
194.00 417.65
194.50 86.98
195.00 0.00
195.50 0.02
196.00 495.00
196.50 271.41
197.00 709.27
197.50 695.66
198.00 787.78
198.50 688.34
199.00 679.68
199.50 351.26
200.00 476.40
200.50 599.84
201.00 720.26
201.50 708.07
202.00 743.38
202.50 707.66
203.00 864.05
203.50 223.72
204.00 448.47
204.50 537.24
205.00 824.47
205.50 811.78
206.00 854.91
206.50 769.30
207.00 761.85
207.50 515.01
208.00 714.50
208.50 757.48
209.00 573.98
209.50 744.58
210.00 769.48
210.50 715.28
211.00 771.05
211.50 835.57
212.00 656.38
212.50 157.09
213.00 425.00
213.50 618.43
214.00 684.95
214.50 768.23
215.00 750.49
215.50 78.70
216.00 127.04
216.50 188.70
217.00 727.03
217.50 852.66
218.00 868.91
218.50 815.63
219.00 869.65
219.50 805.99
220.00 845.17
220.50 813.99
221.00 696.22
221.50 498.51
222.00 750.41
222.50 706.83
223.00 56.51
223.50 126.77
224.00 429.90
224.50 80.25
225.00 632.11
225.50 27.97
226.00 0.00
226.50 531.21
227.00 379.66
227.50 767.50
228.00 675.88
228.50 810.42
229.00 822.34
229.50 862.17
230.00 851.78
230.50 832.90
231.00 873.39
231.50 825.22
232.00 697.97
232.50 804.92
233.00 33.25
233.50 204.83
234.00 64.76
234.50 709.03
235.00 802.12
235.50 822.00
236.00 808.53
236.50 839.70
237.00 599.86
237.50 55.36
238.00 107.85
238.50 642.82
239.00 134.96
239.50 340.13
240.00 113.95
240.50 1.36
241.00 668.12
241.50 193.44
242.00 99.83
242.50 120.54
243.00 132.91
243.50 0.01
244.00 0.00
244.50 732.81
245.00 767.24
245.50 713.51
246.00 761.21
246.50 785.28
247.00 747.75
247.50 745.32
248.00 691.43
248.50 718.87
249.00 755.89
249.50 692.61
250.00 712.28
250.50 799.08
251.00 804.52
251.50 760.93
252.00 740.11
252.50 858.97
253.00 779.80
253.50 0.00
254.00 212.81
254.50 0.02
255.00 0.00
255.50 0.00
256.00 0.01
256.50 110.83
257.00 132.87
257.50 0.00
258.00 162.00
258.50 115.70
259.00 14.69
259.50 828.32
260.00 831.39
260.50 842.23
261.00 78.44
261.50 70.50
262.00 213.86
262.50 454.16
263.00 725.55
263.50 757.87
264.00 770.25
264.50 798.55
265.00 848.89
265.50 830.67
266.00 865.71
266.50 119.11
267.00 0.00
267.50 308.52
268.00 598.06
268.50 693.20
269.00 484.14
269.50 186.85
270.00 552.77
270.50 613.95
271.00 735.55
271.50 711.92
272.00 742.42
272.50 746.40
273.00 0.00
273.50 154.41
274.00 364.40
274.50 731.90
275.00 652.98
275.50 804.72
276.00 653.88
276.50 729.00
277.00 754.32
277.50 790.21
278.00 694.65
278.50 727.26
279.00 753.11
279.50 766.89
280.00 719.89
280.50 676.69
281.00 707.29
281.50 693.37
282.00 761.89
282.50 737.50
283.00 766.08
283.50 719.90
284.00 748.03
284.50 744.77
285.00 716.77
285.50 714.83
286.00 756.75
286.50 709.27
287.00 783.47
287.50 743.46
288.00 717.37
288.50 741.37
289.00 721.36
289.50 762.20
290.00 741.53
290.50 794.10
291.00 739.48
291.50 692.74
292.00 748.31
292.50 704.17
293.00 764.01
293.50 733.93
294.00 732.24
294.50 725.58
295.00 710.76
295.50 756.58
296.00 764.31
296.50 762.63
297.00 806.06
297.50 694.12
298.00 751.64
298.50 768.92
299.00 707.85
299.50 774.55
