0.00 0.00
0.50 0.01
1.00 0.01
1.50 0.01
2.00 0.00
2.50 0.00
3.00 0.00
3.50 179.19
4.00 114.45
4.50 16.19
5.00 404.71
5.50 749.61
6.00 784.58
6.50 721.23
7.00 748.15
7.50 699.61
8.00 0.00
8.50 820.34
9.00 686.69
9.50 856.92
10.00 689.05
10.50 699.43
11.00 194.87
11.50 0.00
12.00 273.34
12.50 720.38
13.00 614.41
13.50 641.53
14.00 534.89
14.50 32.40
15.00 105.07
15.50 62.48
16.00 41.65
16.50 209.72
17.00 556.95
17.50 584.60
18.00 698.88
18.50 725.54
19.00 758.70
19.50 72.61
20.00 0.00
20.50 110.55
21.00 0.00
21.50 0.01
22.00 0.00
22.50 0.00
23.00 564.31
23.50 832.86
24.00 854.60
24.50 853.87
25.00 842.07
25.50 835.01
26.00 831.38
26.50 760.82
27.00 853.19
27.50 834.16
28.00 857.03
28.50 866.75
29.00 844.87
29.50 856.53
30.00 843.86
30.50 844.86
31.00 839.55
31.50 740.82
32.00 868.96
32.50 809.19
33.00 720.88
33.50 783.62
34.00 843.53
34.50 824.02
35.00 877.69
35.50 897.40
36.00 838.79
36.50 734.22
37.00 723.90
37.50 104.22
38.00 0.00
38.50 0.01
39.00 0.01
39.50 0.01
40.00 0.00
40.50 0.02
41.00 0.00
41.50 687.28
42.00 552.75
42.50 616.85
43.00 0.00
43.50 50.34
44.00 0.00
44.50 83.63
45.00 61.67
45.50 0.00
46.00 0.00
46.50 52.36
47.00 173.84
47.50 853.53
48.00 684.79
48.50 715.09
49.00 745.86
49.50 745.73
50.00 841.92
50.50 702.42
51.00 252.01
51.50 535.22
52.00 723.39
52.50 670.21
53.00 675.83
53.50 712.78
54.00 716.21
54.50 701.03
55.00 733.61
55.50 283.99
56.00 278.19
56.50 0.00
57.00 0.00
57.50 0.00
58.00 0.02
58.50 697.18
59.00 745.66
59.50 717.82
60.00 711.32
60.50 808.16
61.00 791.01
61.50 731.72
62.00 613.84
62.50 687.67
63.00 691.59
63.50 615.87
64.00 713.76
64.50 768.70
65.00 704.70
65.50 864.83
66.00 773.90
66.50 755.46
67.00 674.61
67.50 724.66
68.00 722.96
68.50 579.06
69.00 720.80
69.50 675.74
70.00 782.36
70.50 693.22
71.00 695.09
71.50 731.61
72.00 713.88
72.50 700.81
73.00 715.02
73.50 693.94
74.00 719.91
74.50 784.48
75.00 794.18
75.50 829.01
76.00 875.64
76.50 804.13
77.00 730.65
77.50 715.27
78.00 728.09
78.50 753.03
79.00 865.62
79.50 839.58
80.00 781.80
80.50 408.59
81.00 802.61
81.50 766.89
82.00 110.28
82.50 547.29
83.00 807.39
83.50 725.66
84.00 40.70
84.50 531.18
85.00 696.64
85.50 752.35
86.00 805.06
86.50 666.36
87.00 262.03
87.50 692.82
88.00 718.40
88.50 787.07
89.00 795.32
89.50 708.25
90.00 720.04
90.50 295.39
91.00 685.47
91.50 704.06
92.00 758.01
92.50 704.10
93.00 606.44
93.50 697.62
94.00 729.83
94.50 693.05
95.00 693.74
95.50 715.37
96.00 712.91
96.50 848.42
97.00 711.27
97.50 829.19
98.00 779.97
98.50 886.91
99.00 632.52
99.50 718.20
100.00 708.51
100.50 805.69
101.00 749.85
101.50 685.41
102.00 82.62
102.50 545.56
103.00 828.29
103.50 705.04
104.00 775.87
104.50 735.11
105.00 760.26
105.50 726.71
106.00 677.81
106.50 458.22
107.00 681.66
107.50 727.96
108.00 876.16
108.50 836.51
109.00 834.09
109.50 843.97
110.00 870.63
110.50 721.99
111.00 778.63
111.50 733.32
112.00 730.18
112.50 840.02
113.00 748.93
113.50 692.67
114.00 702.39
114.50 683.88
115.00 740.99
115.50 763.13
116.00 700.57
116.50 692.96
117.00 780.00
117.50 809.11
118.00 790.26
118.50 730.70
119.00 714.26
119.50 782.93
120.00 744.69
120.50 701.37
121.00 722.37
121.50 678.64
122.00 729.88
122.50 794.39
123.00 746.22
123.50 740.56
124.00 752.62
124.50 747.64
125.00 752.11
125.50 783.92
126.00 786.25
126.50 721.94
127.00 711.67
127.50 711.39
128.00 681.11
128.50 729.81
129.00 764.23
129.50 760.61
130.00 773.64
130.50 755.93
131.00 755.02
131.50 740.43
132.00 708.84
132.50 748.84
133.00 765.25
133.50 712.86
134.00 712.33
134.50 716.06
135.00 742.05
135.50 739.66
136.00 737.71
136.50 724.48
137.00 760.97
137.50 719.92
138.00 744.36
138.50 720.63
139.00 784.25
139.50 698.59
140.00 716.21
140.50 742.70
141.00 718.59
141.50 738.05
142.00 763.95
142.50 757.16
143.00 731.87
143.50 708.90
144.00 764.98
144.50 797.24
145.00 789.74
145.50 692.34
146.00 694.69
146.50 719.12
147.00 795.32
147.50 713.17
148.00 715.14
148.50 784.16
149.00 692.94
149.50 725.61
150.00 697.05
150.50 750.61
151.00 717.14
151.50 763.86
152.00 733.02
152.50 716.23
153.00 766.10
153.50 784.22
154.00 715.50
154.50 685.73
155.00 742.35
155.50 699.50
156.00 770.59
156.50 709.60
157.00 790.24
157.50 725.69
158.00 783.11
158.50 768.46
159.00 730.88
159.50 732.65
160.00 731.92
160.50 687.01
161.00 741.47
161.50 760.33
162.00 723.60
162.50 702.40
163.00 684.72
163.50 723.51
164.00 764.19
164.50 730.40
165.00 745.18
165.50 763.69
166.00 691.11
166.50 724.10
167.00 711.88
167.50 709.39
168.00 776.94
168.50 729.48
169.00 785.31
169.50 788.76
170.00 688.67
170.50 705.59
171.00 755.84
171.50 760.16
172.00 734.77
172.50 749.77
173.00 724.58
173.50 740.80
174.00 788.45
174.50 740.14
175.00 747.58
175.50 734.67
176.00 735.15
176.50 765.45
177.00 732.91
177.50 716.78
178.00 710.41
178.50 729.94
179.00 734.39
179.50 694.31
180.00 712.30
180.50 704.32
181.00 716.83
181.50 704.78
182.00 745.79
182.50 694.68
183.00 750.51
183.50 785.95
184.00 748.63
184.50 698.58
185.00 677.66
185.50 715.11
186.00 783.69
186.50 732.53
187.00 812.79
187.50 792.98
188.00 729.35
188.50 684.35
189.00 724.75
189.50 716.00
190.00 805.12
190.50 746.12
191.00 695.85
191.50 719.75
192.00 710.79
192.50 740.92
193.00 739.44
193.50 729.11
194.00 755.47
194.50 726.38
195.00 693.54
195.50 681.42
196.00 746.96
196.50 728.90
197.00 798.23
197.50 755.90
198.00 719.34
198.50 744.81
199.00 715.78
199.50 748.94
200.00 764.07
200.50 758.49
201.00 697.48
201.50 707.84
202.00 758.98
202.50 685.73
203.00 722.95
203.50 770.16
204.00 751.74
204.50 725.79
205.00 751.34
205.50 719.63
206.00 780.38
206.50 719.61
207.00 713.61
207.50 730.11
208.00 682.47
208.50 700.75
209.00 738.35
209.50 779.85
210.00 753.59
210.50 729.72
211.00 725.72
211.50 732.73
212.00 769.33
212.50 743.68
213.00 721.17
213.50 726.59
214.00 718.08
214.50 801.79
215.00 699.90
215.50 733.00
216.00 704.13
216.50 742.87
217.00 775.21
217.50 740.19
218.00 760.64
218.50 792.94
219.00 755.37
219.50 684.94
220.00 792.02
220.50 766.37
221.00 766.33
221.50 717.21
222.00 761.20
222.50 666.83
223.00 714.71
223.50 696.87
224.00 718.30
224.50 670.31
225.00 749.04
225.50 734.27
226.00 745.22
226.50 732.76
227.00 686.69
227.50 715.74
228.00 706.69
228.50 735.30
229.00 695.25
229.50 719.60
230.00 757.08
230.50 764.26
231.00 669.24
231.50 689.93
232.00 735.67
232.50 728.31
233.00 741.93
233.50 740.29
234.00 705.18
234.50 763.21
235.00 766.62
235.50 696.38
236.00 681.59
236.50 758.85
237.00 719.01
237.50 715.60
238.00 687.01
238.50 681.58
239.00 762.94
239.50 711.96
240.00 704.94
240.50 738.26
241.00 772.61
241.50 703.15
242.00 798.01
242.50 718.74
243.00 714.25
243.50 692.93
244.00 735.17
244.50 737.40
245.00 734.76
245.50 768.23
246.00 737.91
246.50 734.06
247.00 734.34
247.50 752.13
248.00 758.08
248.50 810.98
249.00 691.59
249.50 758.77
250.00 747.10
250.50 863.11
251.00 842.96
251.50 832.69
252.00 712.42
252.50 503.38
253.00 429.05
253.50 515.63
254.00 756.21
254.50 704.07
255.00 725.57
255.50 773.81
256.00 533.78
256.50 349.63
257.00 649.05
257.50 377.49
258.00 225.23
258.50 221.82
259.00 233.36
259.50 0.00
260.00 44.42
260.50 575.48
261.00 728.97
261.50 759.74
262.00 738.89
262.50 9.56
263.00 723.60
263.50 215.44
264.00 763.48
264.50 714.94
265.00 740.90
265.50 878.24
266.00 684.77
266.50 711.62
267.00 687.35
267.50 772.77
268.00 670.52
268.50 681.58
269.00 825.94
269.50 849.40
270.00 679.56
270.50 698.32
271.00 684.54
271.50 701.44
272.00 790.63
272.50 538.75
273.00 846.75
273.50 723.64
274.00 693.07
274.50 704.60
275.00 705.64
275.50 642.59
276.00 730.17
276.50 719.35
277.00 700.30
277.50 844.39
278.00 717.91
278.50 746.27
279.00 744.45
279.50 851.77
280.00 174.52
280.50 633.79
281.00 657.67
281.50 878.66
282.00 699.17
282.50 813.29
283.00 721.72
283.50 696.34
284.00 784.10
284.50 759.68
285.00 726.39
285.50 698.65
286.00 690.46
286.50 714.17
287.00 768.62
287.50 728.94
288.00 674.27
288.50 737.24
289.00 697.57
289.50 783.95
290.00 698.79
290.50 718.04
291.00 715.18
291.50 817.47
292.00 698.37
292.50 613.57
293.00 736.87
293.50 747.73
294.00 747.19
294.50 737.61
295.00 699.90
295.50 110.37
296.00 45.65
296.50 662.20
297.00 745.76
297.50 839.83
298.00 887.92
298.50 850.48
299.00 79.68
299.50 761.40
