0.00 0.01
0.50 662.07
1.00 415.55
1.50 837.33
2.00 771.71
2.50 221.33
3.00 740.72
3.50 725.61
4.00 678.97
4.50 678.75
5.00 703.03
5.50 715.84
6.00 746.57
6.50 781.68
7.00 737.29
7.50 694.68
8.00 728.90
8.50 682.05
9.00 743.36
9.50 732.45
10.00 732.84
10.50 757.68
11.00 679.44
11.50 734.72
12.00 748.54
12.50 784.07
13.00 703.50
13.50 802.12
14.00 761.81
14.50 750.47
15.00 746.88
15.50 719.65
16.00 709.03
16.50 701.36
17.00 798.86
17.50 619.21
18.00 767.69
18.50 741.07
19.00 716.66
19.50 717.69
20.00 780.59
20.50 767.56
21.00 705.20
21.50 737.72
22.00 703.38
22.50 760.11
23.00 747.16
23.50 711.50
24.00 814.01
24.50 690.10
25.00 721.46
25.50 715.26
26.00 759.25
26.50 791.50
27.00 757.85
27.50 737.67
28.00 691.75
28.50 729.06
29.00 739.19
29.50 730.29
30.00 756.65
30.50 713.46
31.00 700.31
31.50 722.74
32.00 759.70
32.50 732.13
33.00 700.45
33.50 740.40
34.00 730.56
34.50 744.48
35.00 714.47
35.50 725.93
36.00 766.78
36.50 682.06
37.00 732.83
37.50 706.19
38.00 697.74
38.50 713.30
39.00 730.26
39.50 711.93
40.00 712.31
40.50 724.06
41.00 695.79
41.50 734.63
42.00 766.73
42.50 724.14
43.00 667.60
43.50 753.77
44.00 701.58
44.50 731.79
45.00 724.36
45.50 739.82
46.00 749.32
46.50 721.11
47.00 667.12
47.50 707.18
48.00 740.35
48.50 731.31
49.00 708.18
49.50 765.62
50.00 735.96
50.50 708.17
51.00 706.97
51.50 732.00
52.00 667.91
52.50 700.86
53.00 710.89
53.50 759.36
54.00 690.30
54.50 718.19
55.00 801.87
55.50 751.82
56.00 731.32
56.50 722.64
57.00 745.52
57.50 754.79
58.00 735.75
58.50 751.37
59.00 743.97
59.50 744.37
60.00 738.97
60.50 726.08
61.00 666.56
61.50 684.06
62.00 759.79
62.50 697.74
63.00 752.61
63.50 856.59
64.00 738.41
64.50 735.74
65.00 628.48
65.50 742.70
66.00 844.91
66.50 712.74
67.00 63.04
67.50 0.00
68.00 859.00
68.50 868.86
69.00 851.23
69.50 858.44
70.00 856.62
70.50 823.63
71.00 851.54
71.50 872.16
72.00 368.93
72.50 752.27
73.00 772.23
73.50 696.54
74.00 766.86
74.50 759.75
75.00 782.22
75.50 757.02
76.00 751.52
76.50 759.72
77.00 782.08
77.50 821.95
78.00 848.88
78.50 41.21
79.00 0.00
79.50 452.95
80.00 180.59
80.50 0.00
81.00 5.09
81.50 461.22
82.00 384.55
82.50 470.88
83.00 0.00
83.50 0.01
84.00 452.70
84.50 0.00
85.00 0.00
85.50 702.49
86.00 769.29
86.50 860.58
87.00 185.69
87.50 226.46
88.00 584.88
88.50 700.13
89.00 742.39
89.50 707.28
90.00 725.43
90.50 733.97
91.00 704.64
91.50 703.01
92.00 697.72
92.50 714.29
93.00 814.58
93.50 710.01
94.00 505.63
94.50 737.72
95.00 717.68
95.50 726.95
96.00 690.80
96.50 634.04
97.00 685.55
97.50 698.65
98.00 692.11
98.50 293.76
99.00 650.88
99.50 37.87
100.00 604.25
100.50 852.26
101.00 736.73
101.50 735.94
102.00 875.46
102.50 900.00
103.00 502.08
103.50 602.18
104.00 814.95
104.50 701.79
105.00 683.96
105.50 718.09
106.00 690.16
106.50 244.13
107.00 617.96
107.50 691.87
108.00 722.14
108.50 741.58
109.00 709.82
109.50 821.09
110.00 836.40
110.50 830.24
111.00 773.68
111.50 829.64
112.00 583.75
112.50 650.17
113.00 768.94
113.50 783.32
114.00 695.12
114.50 741.87
115.00 737.82
115.50 869.16
116.00 819.74
116.50 695.56
117.00 181.70
117.50 69.60
118.00 693.53
118.50 522.83
119.00 738.12
119.50 454.85
120.00 788.57
120.50 723.86
121.00 444.70
121.50 710.72
122.00 725.32
122.50 717.57
123.00 771.37
123.50 730.69
124.00 813.55
124.50 877.43
125.00 858.32
125.50 838.52
126.00 875.29
126.50 832.72
127.00 871.22
127.50 80.81
128.00 89.87
128.50 34.59
129.00 293.85
129.50 182.29
130.00 40.25
130.50 840.51
131.00 740.26
131.50 732.78
132.00 803.50
132.50 825.15
133.00 768.80
133.50 772.47
134.00 745.48
134.50 0.01
135.00 667.43
135.50 115.19
136.00 261.27
136.50 554.54
137.00 492.97
137.50 732.66
138.00 748.44
138.50 599.55
139.00 328.56
139.50 717.09
140.00 791.16
140.50 835.79
141.00 842.75
141.50 809.70
142.00 822.17
142.50 100.35
143.00 0.00
143.50 0.00
144.00 0.00
144.50 0.00
145.00 0.00
145.50 0.00
146.00 199.50
146.50 106.81
147.00 409.23
147.50 744.22
148.00 734.82
148.50 796.97
149.00 705.74
149.50 401.71
150.00 139.66
150.50 39.49
151.00 0.00
151.50 56.44
152.00 331.38
152.50 429.55
153.00 755.52
153.50 750.47
154.00 838.88
154.50 729.87
155.00 311.62
155.50 818.00
156.00 429.91
156.50 737.27
157.00 695.81
157.50 708.36
158.00 701.79
158.50 691.97
159.00 705.18
159.50 736.88
160.00 722.87
160.50 765.49
161.00 729.45
161.50 712.23
162.00 675.91
162.50 717.16
163.00 766.16
163.50 768.02
164.00 731.28
164.50 749.39
165.00 741.21
165.50 726.00
166.00 697.09
166.50 711.36
167.00 752.54
167.50 702.54
168.00 770.82
168.50 772.10
169.00 735.39
169.50 709.49
170.00 764.31
170.50 768.04
171.00 693.69
171.50 748.54
172.00 781.10
172.50 695.57
173.00 718.26
173.50 738.99
174.00 691.72
174.50 750.11
175.00 775.28
175.50 740.64
176.00 737.96
176.50 731.16
177.00 771.46
177.50 764.03
178.00 767.07
178.50 713.80
179.00 777.09
179.50 764.72
180.00 721.36
180.50 729.73
181.00 760.78
181.50 735.51
182.00 711.90
182.50 709.42
183.00 740.06
183.50 753.63
184.00 760.09
184.50 674.08
185.00 716.61
185.50 771.58
186.00 791.59
186.50 671.79
187.00 666.44
187.50 688.21
188.00 755.78
188.50 736.84
189.00 769.47
189.50 775.47
190.00 764.56
190.50 763.83
191.00 686.46
191.50 748.32
192.00 717.78
192.50 781.23
193.00 741.14
193.50 0.00
194.00 415.62
194.50 849.72
195.00 869.28
195.50 826.91
196.00 827.56
196.50 744.73
197.00 704.69
197.50 756.08
198.00 751.36
198.50 691.12
199.00 802.28
199.50 0.00
200.00 0.00
200.50 0.00
201.00 0.01
201.50 109.97
202.00 359.57
202.50 747.29
203.00 755.80
203.50 786.54
204.00 707.78
204.50 694.46
205.00 706.92
205.50 701.81
206.00 838.55
206.50 680.75
207.00 825.69
207.50 755.90
208.00 846.23
208.50 0.03
209.00 0.01
209.50 0.01
210.00 0.01
210.50 0.00
211.00 731.74
211.50 198.69
212.00 172.37
212.50 893.99
213.00 591.07
213.50 770.74
214.00 505.01
214.50 436.94
215.00 695.78
215.50 152.96
216.00 630.21
216.50 751.70
217.00 744.58
217.50 735.31
218.00 414.36
218.50 752.88
219.00 0.00
219.50 179.18
220.00 777.70
220.50 0.00
221.00 178.23
221.50 0.00
222.00 0.00
222.50 0.00
223.00 0.01
223.50 569.18
224.00 470.03
224.50 65.88
225.00 500.11
225.50 553.14
226.00 502.92
226.50 758.08
227.00 729.60
227.50 739.65
228.00 737.99
228.50 758.85
229.00 723.43
229.50 494.48
230.00 4.73
230.50 526.69
231.00 857.63
231.50 830.43
232.00 842.92
232.50 900.00
233.00 707.26
233.50 439.88
234.00 338.88
234.50 736.88
235.00 766.52
235.50 760.59
236.00 773.84
236.50 703.54
237.00 699.76
237.50 729.92
238.00 750.72
238.50 724.67
239.00 702.25
239.50 761.03
240.00 711.46
240.50 747.93
241.00 679.46
241.50 754.76
242.00 744.05
242.50 732.91
243.00 803.90
243.50 738.82
244.00 726.78
244.50 720.12
245.00 739.48
245.50 772.62
246.00 782.66
246.50 758.17
247.00 741.84
247.50 710.38
248.00 751.43
248.50 740.49
249.00 730.17
249.50 720.23
250.00 728.84
250.50 739.22
251.00 720.83
251.50 801.24
252.00 736.49
252.50 752.37
253.00 763.75
253.50 849.43
254.00 859.76
254.50 810.65
255.00 845.54
255.50 855.21
256.00 864.22
256.50 84.26
257.00 257.70
257.50 715.95
258.00 729.89
258.50 780.70
259.00 692.30
259.50 761.00
260.00 727.91
260.50 570.48
261.00 675.75
261.50 736.00
262.00 697.15
262.50 785.13
263.00 698.29
263.50 689.39
264.00 779.66
264.50 856.33
265.00 718.08
265.50 879.51
266.00 796.51
266.50 739.87
267.00 695.04
267.50 688.32
268.00 703.49
268.50 711.75
269.00 694.79
269.50 156.67
270.00 0.00
270.50 13.16
271.00 718.68
271.50 667.27
272.00 834.19
272.50 850.38
273.00 0.00
273.50 108.55
274.00 328.76
274.50 583.39
275.00 684.85
275.50 699.06
276.00 207.17
276.50 0.00
277.00 0.02
277.50 0.00
278.00 21.95
278.50 541.13
279.00 3.23
279.50 37.28
280.00 707.96
280.50 74.95
281.00 208.94
281.50 635.83
282.00 299.81
282.50 463.45
283.00 107.58
283.50 86.62
284.00 130.75
284.50 261.79
285.00 106.48
285.50 840.48
286.00 840.15
286.50 835.92
287.00 855.11
287.50 844.74
288.00 864.82
288.50 734.99
289.00 710.53
289.50 711.17
290.00 812.99
290.50 838.87
291.00 857.58
291.50 872.36
292.00 831.60
292.50 556.28
293.00 537.53
293.50 726.13
294.00 685.00
294.50 699.74
295.00 813.60
295.50 722.70
296.00 750.79
296.50 676.80
297.00 687.93
297.50 768.89
298.00 706.07
298.50 706.04
299.00 624.77
299.50 691.32
