0.00 0.00
0.50 0.00
1.00 663.86
1.50 522.11
2.00 107.40
2.50 487.83
3.00 510.53
3.50 613.83
4.00 496.52
4.50 667.93
5.00 388.09
5.50 833.42
6.00 837.09
6.50 842.02
7.00 820.19
7.50 879.33
8.00 34.85
8.50 240.92
9.00 176.93
9.50 0.01
10.00 0.00
10.50 0.00
11.00 34.29
11.50 175.75
12.00 733.44
12.50 725.79
13.00 743.68
13.50 760.61
14.00 880.35
14.50 537.92
15.00 752.31
15.50 743.46
16.00 732.24
16.50 0.00
17.00 0.00
17.50 161.23
18.00 168.97
18.50 67.02
19.00 608.72
19.50 326.41
20.00 479.23
20.50 724.42
21.00 729.25
21.50 385.89
22.00 105.83
22.50 0.00
23.00 0.05
23.50 0.00
24.00 0.00
24.50 396.63
25.00 748.20
25.50 732.97
26.00 705.95
26.50 876.89
27.00 862.59
27.50 37.44
28.00 491.44
28.50 52.63
29.00 3.24
29.50 63.40
30.00 0.00
30.50 728.95
31.00 693.27
31.50 709.61
32.00 864.87
32.50 818.88
33.00 849.79
33.50 851.13
34.00 50.02
34.50 522.12
35.00 775.52
35.50 766.09
36.00 749.07
36.50 714.26
37.00 697.69
37.50 579.98
38.00 808.21
38.50 697.44
39.00 712.56
39.50 703.45
40.00 752.91
40.50 726.50
41.00 707.54
41.50 682.28
42.00 774.50
42.50 666.63
43.00 0.00
43.50 0.02
44.00 0.00
44.50 476.14
45.00 46.82
45.50 0.00
46.00 56.03
46.50 344.26
47.00 601.44
47.50 758.38
48.00 703.02
48.50 824.75
49.00 725.94
49.50 834.75
50.00 818.73
50.50 840.74
51.00 810.66
51.50 538.73
52.00 124.19
52.50 144.42
53.00 119.09
53.50 577.65
54.00 84.40
54.50 590.03
55.00 195.61
55.50 348.20
56.00 658.17
56.50 788.78
57.00 676.54
57.50 883.02
58.00 698.35
58.50 753.15
59.00 729.18
59.50 704.08
60.00 708.49
60.50 807.23
61.00 818.24
61.50 852.80
62.00 776.85
62.50 817.26
63.00 266.48
63.50 676.75
64.00 723.61
64.50 695.42
65.00 688.44
65.50 763.39
66.00 864.56
66.50 834.37
67.00 870.44
67.50 841.01
68.00 704.47
68.50 810.36
69.00 773.60
69.50 864.01
70.00 676.22
70.50 664.71
71.00 684.89
71.50 713.16
72.00 854.22
72.50 705.49
73.00 516.04
73.50 736.18
74.00 719.03
74.50 744.21
75.00 724.21
75.50 519.00
76.00 703.58
76.50 714.61
77.00 898.31
77.50 807.37
78.00 792.09
78.50 785.58
79.00 796.32
79.50 821.56
80.00 784.77
80.50 227.89
81.00 666.23
81.50 726.04
82.00 411.80
82.50 637.72
83.00 719.09
83.50 703.09
84.00 726.57
84.50 811.76
85.00 698.29
85.50 708.16
86.00 729.84
86.50 692.38
87.00 726.92
87.50 814.78
88.00 704.23
88.50 797.98
89.00 727.91
89.50 773.75
90.00 714.73
90.50 777.42
91.00 752.58
91.50 745.80
92.00 716.74
92.50 719.09
93.00 780.15
93.50 702.67
94.00 733.50
94.50 713.76
95.00 740.52
95.50 786.77
96.00 740.78
96.50 710.49
97.00 710.64
97.50 759.11
98.00 691.63
98.50 709.57
99.00 725.47
99.50 674.98
100.00 690.32
100.50 766.01
101.00 763.25
101.50 744.77
102.00 749.45
102.50 745.96
103.00 756.02
103.50 743.35
104.00 718.01
104.50 750.50
105.00 784.00
105.50 758.37
106.00 722.37
106.50 716.74
107.00 744.40
107.50 755.51
108.00 741.43
108.50 772.00
109.00 733.03
109.50 745.50
110.00 745.84
110.50 676.15
111.00 783.06
111.50 694.25
112.00 786.03
112.50 745.30
113.00 731.70
113.50 709.63
114.00 733.20
114.50 831.07
115.00 820.88
115.50 832.67
116.00 716.90
116.50 702.93
117.00 786.87
117.50 729.61
118.00 678.91
118.50 851.66
119.00 701.48
119.50 798.85
120.00 900.00
120.50 747.99
121.00 830.67
121.50 234.53
122.00 695.26
122.50 706.81
123.00 705.86
123.50 755.30
124.00 725.74
124.50 730.90
125.00 879.78
125.50 629.56
126.00 742.65
126.50 765.23
127.00 777.32
127.50 823.94
128.00 667.48
128.50 674.71
129.00 790.21
129.50 797.71
130.00 740.80
130.50 715.50
131.00 732.43
131.50 716.22
132.00 438.02
132.50 724.81
133.00 900.00
133.50 681.40
134.00 826.24
134.50 812.04
135.00 797.72
135.50 831.23
136.00 711.01
136.50 694.48
137.00 791.81
137.50 779.37
138.00 692.74
138.50 747.61
139.00 679.43
139.50 752.39
140.00 702.63
140.50 687.72
141.00 681.95
141.50 749.31
142.00 756.18
142.50 730.04
143.00 738.62
143.50 709.23
144.00 724.97
144.50 706.06
145.00 723.41
145.50 771.95
146.00 736.96
146.50 694.69
147.00 729.24
147.50 772.79
148.00 740.17
148.50 688.40
149.00 726.68
149.50 801.35
150.00 689.75
150.50 750.79
151.00 755.78
151.50 730.89
152.00 770.41
152.50 758.42
153.00 694.50
153.50 748.86
154.00 762.75
154.50 702.35
155.00 721.29
155.50 723.06
156.00 728.39
156.50 726.50
157.00 697.02
157.50 710.38
158.00 704.46
158.50 708.46
159.00 759.33
159.50 694.97
160.00 731.19
160.50 783.70
161.00 738.09
161.50 744.14
162.00 790.30
162.50 713.26
163.00 717.17
163.50 740.59
164.00 745.21
164.50 754.63
165.00 760.11
165.50 802.00
166.00 702.20
166.50 773.74
167.00 686.88
167.50 695.65
168.00 723.48
168.50 721.73
169.00 725.35
169.50 744.96
170.00 703.05
170.50 753.65
171.00 725.94
171.50 721.43
172.00 621.41
172.50 869.23
173.00 734.95
173.50 682.70
174.00 735.20
174.50 764.51
175.00 800.31
175.50 800.35
176.00 748.39
176.50 719.01
177.00 720.05
177.50 754.70
178.00 711.85
178.50 711.94
179.00 717.81
179.50 756.94
180.00 798.25
180.50 722.38
181.00 734.75
181.50 732.87
182.00 707.88
182.50 701.72
183.00 719.35
183.50 633.97
184.00 827.70
184.50 706.01
185.00 736.10
185.50 692.08
186.00 727.87
186.50 168.48
187.00 693.26
187.50 765.10
188.00 757.04
188.50 696.91
189.00 680.16
189.50 695.58
190.00 802.48
190.50 741.28
191.00 734.49
191.50 715.89
192.00 726.29
192.50 702.74
193.00 88.07
193.50 631.82
194.00 679.10
194.50 790.44
195.00 736.17
195.50 747.97
196.00 717.86
196.50 864.49
197.00 740.54
197.50 711.12
198.00 459.78
198.50 527.43
199.00 694.14
199.50 702.52
200.00 720.72
200.50 776.58
201.00 877.97
201.50 606.18
202.00 617.16
202.50 867.45
203.00 747.68
203.50 803.94
204.00 262.02
204.50 565.00
205.00 698.18
205.50 829.09
206.00 698.50
206.50 690.23
207.00 710.40
207.50 711.85
208.00 787.94
208.50 823.03
209.00 685.36
209.50 784.22
210.00 744.36
210.50 722.95
211.00 783.60
211.50 867.69
212.00 701.75
212.50 731.41
213.00 320.10
213.50 709.29
214.00 737.26
214.50 687.42
215.00 741.37
215.50 744.84
216.00 702.94
216.50 714.34
217.00 542.73
217.50 704.17
218.00 689.18
218.50 777.68
219.00 433.08
219.50 808.85
220.00 766.55
220.50 698.27
221.00 870.46
221.50 821.57
222.00 743.78
222.50 713.87
223.00 719.60
223.50 692.40
224.00 696.65
224.50 721.19
225.00 682.19
225.50 352.12
226.00 888.89
226.50 789.78
227.00 900.00
227.50 734.69
228.00 713.46
228.50 807.24
229.00 762.57
229.50 899.57
230.00 783.41
230.50 709.48
231.00 221.08
231.50 664.50
232.00 697.84
232.50 484.64
233.00 609.03
233.50 698.21
234.00 700.21
234.50 713.56
235.00 809.74
235.50 745.21
236.00 678.00
236.50 687.50
237.00 764.23
237.50 706.51
238.00 689.98
238.50 784.41
239.00 900.00
239.50 683.61
240.00 672.50
240.50 780.50
241.00 864.84
241.50 782.87
242.00 799.32
242.50 692.69
243.00 510.78
243.50 719.71
244.00 672.59
244.50 674.49
245.00 722.14
245.50 740.27
246.00 699.14
246.50 688.01
247.00 734.71
247.50 702.83
248.00 777.21
248.50 585.71
249.00 636.06
249.50 725.26
250.00 900.00
250.50 831.81
251.00 95.01
251.50 620.89
252.00 725.43
252.50 710.91
253.00 698.59
253.50 842.22
254.00 727.44
254.50 663.07
255.00 719.19
255.50 679.07
256.00 264.47
256.50 605.47
257.00 761.19
257.50 814.83
258.00 817.01
258.50 628.06
259.00 710.51
259.50 712.18
260.00 818.58
260.50 850.11
261.00 722.02
261.50 548.18
262.00 881.87
262.50 705.53
263.00 720.83
263.50 189.54
264.00 629.17
264.50 818.07
265.00 860.69
265.50 775.93
266.00 758.06
266.50 680.12
267.00 669.86
267.50 773.92
268.00 719.87
268.50 787.02
269.00 731.93
269.50 749.89
270.00 709.27
270.50 698.07
271.00 747.25
271.50 735.58
272.00 735.40
272.50 771.80
273.00 721.63
273.50 736.16
274.00 711.61
274.50 723.26
275.00 695.55
275.50 721.52
276.00 787.39
276.50 779.33
277.00 743.78
277.50 718.01
278.00 738.62
278.50 733.45
279.00 673.23
279.50 667.20
280.00 772.02
280.50 718.49
281.00 727.20
281.50 678.11
282.00 685.31
282.50 732.26
283.00 701.49
283.50 753.73
284.00 695.30
284.50 742.78
285.00 690.95
285.50 757.39
286.00 815.52
286.50 797.90
287.00 763.66
287.50 684.93
288.00 722.46
288.50 702.23
289.00 771.76
289.50 660.35
290.00 711.41
290.50 715.38
291.00 791.79
291.50 783.23
292.00 741.25
292.50 731.78
293.00 708.99
293.50 760.24
294.00 781.81
294.50 734.97
295.00 758.13
295.50 762.81
296.00 673.02
296.50 712.68
297.00 737.86
297.50 740.25
298.00 748.47
298.50 724.14
299.00 749.42
299.50 728.17
