0.00 0.01
0.50 0.00
1.00 0.02
1.50 0.00
2.00 68.48
2.50 0.01
3.00 746.76
3.50 706.15
4.00 368.83
4.50 500.39
5.00 745.43
5.50 750.55
6.00 746.50
6.50 689.47
7.00 745.88
7.50 253.48
8.00 62.25
8.50 44.39
9.00 407.06
9.50 774.99
10.00 774.88
10.50 319.82
11.00 824.64
11.50 844.96
12.00 767.95
12.50 762.29
13.00 724.73
13.50 720.77
14.00 692.24
14.50 842.22
15.00 845.25
15.50 736.15
16.00 719.20
16.50 743.57
17.00 877.85
17.50 0.00
18.00 356.35
18.50 612.52
19.00 484.42
19.50 728.40
20.00 833.92
20.50 885.91
21.00 835.68
21.50 713.59
22.00 12.77
22.50 0.03
23.00 0.04
23.50 0.01
24.00 94.33
24.50 494.85
25.00 718.77
25.50 707.66
26.00 742.92
26.50 756.25
27.00 728.00
27.50 683.86
28.00 789.36
28.50 0.00
29.00 770.70
29.50 731.84
30.00 825.91
30.50 680.21
31.00 832.60
31.50 731.81
32.00 753.38
32.50 582.39
33.00 0.01
33.50 0.00
34.00 9.33
34.50 165.06
35.00 463.05
35.50 652.87
36.00 561.49
36.50 531.12
37.00 692.35
37.50 0.00
38.00 60.78
38.50 15.06
39.00 704.99
39.50 858.10
40.00 733.07
40.50 868.19
41.00 793.01
41.50 690.34
42.00 696.93
42.50 695.21
43.00 759.10
43.50 729.46
44.00 688.99
44.50 752.93
45.00 701.78
45.50 709.16
46.00 815.12
46.50 779.47
47.00 719.50
47.50 364.79
48.00 599.74
48.50 702.11
49.00 716.61
49.50 718.53
50.00 689.74
50.50 665.21
51.00 710.88
51.50 750.45
52.00 425.69
52.50 663.01
53.00 765.89
53.50 868.47
54.00 759.70
54.50 695.36
55.00 847.35
55.50 726.66
56.00 900.00
56.50 744.50
57.00 702.59
57.50 703.23
58.00 721.82
58.50 804.75
59.00 749.64
59.50 686.94
60.00 623.65
60.50 687.80
61.00 718.76
61.50 482.84
62.00 681.81
62.50 808.07
63.00 736.30
63.50 821.36
64.00 703.66
64.50 676.34
65.00 701.79
65.50 587.28
66.00 840.44
66.50 707.97
67.00 759.70
67.50 742.64
68.00 527.96
68.50 786.88
69.00 312.02
69.50 429.16
70.00 676.96
70.50 729.86
71.00 725.76
71.50 779.54
72.00 747.83
72.50 828.94
73.00 694.66
73.50 762.75
74.00 649.84
74.50 253.00
75.00 0.02
75.50 553.13
76.00 109.34
76.50 42.24
77.00 0.00
77.50 334.76
78.00 0.00
78.50 45.08
79.00 0.00
79.50 731.63
80.00 758.94
80.50 818.04
81.00 699.70
81.50 715.53
82.00 733.87
82.50 726.18
83.00 728.95
83.50 766.84
84.00 747.20
84.50 743.89
85.00 723.78
85.50 765.67
86.00 746.15
86.50 734.32
87.00 744.82
87.50 737.26
88.00 656.75
88.50 704.74
89.00 745.08
89.50 677.48
90.00 706.84
90.50 709.05
91.00 694.25
91.50 704.34
92.00 741.01
92.50 764.00
93.00 716.57
93.50 729.68
94.00 754.44
94.50 700.50
95.00 748.00
95.50 695.96
96.00 726.61
96.50 772.94
97.00 737.71
97.50 736.95
98.00 738.93
98.50 735.02
99.00 707.19
99.50 745.32
100.00 710.36
100.50 737.25
101.00 741.83
101.50 746.40
102.00 779.09
102.50 666.11
103.00 746.66
103.50 732.16
104.00 773.65
104.50 679.02
105.00 736.26
105.50 721.06
106.00 639.80
106.50 743.04
107.00 750.06
107.50 699.23
108.00 749.90
108.50 746.09
109.00 750.46
109.50 711.77
110.00 742.23
110.50 729.86
111.00 681.43
111.50 801.99
112.00 678.81
112.50 741.41
113.00 677.95
113.50 714.30
114.00 737.17
114.50 786.91
115.00 742.89
115.50 751.23
116.00 806.35
116.50 385.92
117.00 29.96
117.50 664.61
118.00 734.02
118.50 694.57
119.00 745.99
119.50 531.63
120.00 168.75
120.50 0.00
121.00 169.51
121.50 822.20
122.00 831.71
122.50 853.38
123.00 842.83
123.50 836.21
124.00 863.78
124.50 698.07
125.00 762.49
125.50 802.06
126.00 719.88
126.50 772.79
127.00 758.09
127.50 868.72
128.00 843.90
128.50 825.10
129.00 263.59
129.50 169.18
130.00 533.40
130.50 741.41
131.00 732.30
131.50 759.36
132.00 685.84
132.50 707.85
133.00 721.19
133.50 722.72
134.00 706.40
134.50 702.56
135.00 209.01
135.50 546.59
136.00 475.55
136.50 335.95
137.00 347.13
137.50 240.98
138.00 122.92
138.50 0.00
139.00 0.02
139.50 801.32
140.00 852.98
140.50 824.10
141.00 841.25
141.50 829.16
142.00 882.11
142.50 637.25
143.00 857.30
143.50 843.94
144.00 611.58
144.50 470.76
145.00 425.23
145.50 746.00
146.00 712.17
146.50 0.00
147.00 0.00
147.50 613.23
148.00 474.12
148.50 730.55
149.00 776.30
149.50 883.24
150.00 834.85
150.50 851.64
151.00 858.24
151.50 297.01
152.00 0.00
152.50 0.01
153.00 0.00
153.50 568.52
154.00 42.30
154.50 0.00
155.00 0.00
155.50 0.00
156.00 107.07
156.50 601.25
157.00 495.09
157.50 667.18
158.00 770.89
158.50 253.37
159.00 480.36
159.50 488.55
160.00 868.76
160.50 849.33
161.00 744.23
161.50 692.60
162.00 845.50
162.50 719.08
163.00 73.18
163.50 472.23
164.00 754.00
164.50 671.96
165.00 733.64
165.50 874.87
166.00 861.44
166.50 874.00
167.00 857.79
167.50 867.58
168.00 821.70
168.50 869.17
169.00 745.98
169.50 521.05
170.00 780.52
170.50 696.95
171.00 768.38
171.50 746.69
172.00 750.78
172.50 803.29
173.00 559.90
173.50 806.80
174.00 741.58
174.50 738.31
175.00 792.80
175.50 778.40
176.00 765.77
176.50 775.02
177.00 611.78
177.50 780.13
178.00 821.42
178.50 662.12
179.00 701.72
179.50 667.20
180.00 715.11
180.50 894.14
181.00 706.66
181.50 900.00
182.00 697.91
182.50 698.15
183.00 745.22
183.50 676.37
184.00 510.67
184.50 727.46
185.00 688.39
185.50 693.52
186.00 810.05
186.50 809.98
187.00 748.11
187.50 714.68
188.00 727.96
188.50 768.79
189.00 769.35
189.50 738.68
190.00 756.65
190.50 756.62
191.00 709.02
191.50 738.66
192.00 739.41
192.50 702.10
193.00 756.41
193.50 686.02
194.00 719.81
194.50 734.01
195.00 738.28
195.50 738.70
196.00 702.22
196.50 686.90
197.00 742.74
197.50 687.98
198.00 788.94
198.50 702.22
199.00 719.47
199.50 729.15
200.00 742.75
200.50 730.26
201.00 720.14
201.50 734.88
202.00 696.90
202.50 748.79
203.00 661.86
203.50 742.66
204.00 695.96
204.50 745.06
205.00 743.51
205.50 717.01
206.00 758.59
206.50 739.51
207.00 703.39
207.50 722.96
208.00 697.40
208.50 803.49
209.00 749.21
209.50 764.50
210.00 736.54
210.50 659.58
211.00 776.66
211.50 716.81
212.00 729.94
212.50 740.67
213.00 772.82
213.50 749.70
214.00 747.41
214.50 667.94
215.00 703.77
215.50 781.86
216.00 756.97
216.50 760.92
217.00 780.68
217.50 732.34
218.00 715.23
218.50 716.44
219.00 713.53
219.50 784.51
220.00 683.86
220.50 752.05
221.00 721.46
221.50 714.35
222.00 742.79
222.50 771.57
223.00 724.47
223.50 654.20
224.00 758.48
224.50 741.57
225.00 718.92
225.50 725.68
226.00 687.48
226.50 752.45
227.00 713.87
227.50 730.42
228.00 715.89
228.50 696.91
229.00 727.87
229.50 734.86
230.00 762.64
230.50 703.45
231.00 725.53
231.50 735.55
232.00 750.08
232.50 718.17
233.00 751.33
233.50 747.24
234.00 724.24
234.50 746.51
235.00 743.63
235.50 752.11
236.00 753.86
236.50 740.34
237.00 759.46
237.50 741.31
238.00 727.88
238.50 743.39
239.00 719.80
239.50 713.09
240.00 780.33
240.50 728.48
241.00 706.95
241.50 742.34
242.00 754.22
242.50 781.31
243.00 730.42
243.50 711.35
244.00 708.27
244.50 745.97
245.00 752.09
245.50 713.54
246.00 751.52
246.50 777.08
247.00 715.19
247.50 699.37
248.00 705.70
248.50 697.24
249.00 723.81
249.50 712.17
250.00 215.17
250.50 603.62
251.00 522.26
251.50 770.28
252.00 733.06
252.50 717.43
253.00 713.05
253.50 733.94
254.00 733.10
254.50 699.09
255.00 752.13
255.50 641.21
256.00 845.81
256.50 716.51
257.00 720.62
257.50 847.75
258.00 712.96
258.50 805.08
259.00 697.05
259.50 429.50
260.00 485.24
260.50 718.55
261.00 689.12
261.50 700.50
262.00 836.26
262.50 678.05
263.00 576.12
263.50 158.12
264.00 685.71
264.50 748.24
265.00 720.24
265.50 697.76
266.00 814.67
266.50 697.19
267.00 727.30
267.50 842.88
268.00 783.66
268.50 848.37
269.00 808.90
269.50 787.71
270.00 793.07
270.50 696.19
271.00 717.66
271.50 731.63
272.00 682.75
272.50 715.67
273.00 743.48
273.50 695.17
274.00 715.09
274.50 767.22
275.00 711.85
275.50 771.52
276.00 706.86
276.50 677.18
277.00 752.05
277.50 784.23
278.00 654.47
278.50 734.05
279.00 792.54
279.50 729.40
280.00 714.11
280.50 738.53
281.00 749.75
281.50 772.46
282.00 690.57
282.50 737.06
283.00 766.21
283.50 726.25
284.00 707.81
284.50 764.29
285.00 751.08
285.50 677.40
286.00 702.14
286.50 706.69
287.00 755.97
287.50 741.99
288.00 764.44
288.50 758.54
289.00 693.51
289.50 748.36
290.00 716.58
290.50 747.68
291.00 820.18
291.50 689.40
292.00 726.02
292.50 794.58
293.00 749.71
293.50 688.73
294.00 720.65
294.50 718.40
295.00 710.07
295.50 737.73
296.00 681.33
296.50 713.23
297.00 741.94
297.50 725.10
298.00 735.00
298.50 672.65
299.00 731.70
299.50 754.99
