0.00 0.00
0.50 0.00
1.00 0.00
1.50 440.20
2.00 478.34
2.50 734.94
3.00 781.58
3.50 760.15
4.00 839.43
4.50 831.58
5.00 684.61
5.50 714.10
6.00 796.47
6.50 760.38
7.00 704.42
7.50 788.77
8.00 0.00
8.50 0.00
9.00 0.01
9.50 0.00
10.00 0.00
10.50 214.09
11.00 85.40
11.50 340.82
12.00 577.11
12.50 762.93
13.00 698.51
13.50 720.92
14.00 629.13
14.50 748.66
15.00 749.58
15.50 715.15
16.00 900.00
16.50 466.46
17.00 420.81
17.50 786.85
18.00 791.66
18.50 740.46
19.00 684.45
19.50 717.40
20.00 739.13
20.50 721.96
21.00 721.90
21.50 887.02
22.00 770.63
22.50 793.43
23.00 757.54
23.50 774.42
24.00 706.48
24.50 736.62
25.00 686.64
25.50 706.68
26.00 708.24
26.50 692.67
27.00 732.48
27.50 816.93
28.00 681.45
28.50 582.92
29.00 706.06
29.50 659.18
30.00 629.30
30.50 787.87
31.00 740.31
31.50 686.23
32.00 720.02
32.50 703.13
33.00 449.99
33.50 605.19
34.00 683.51
34.50 718.07
35.00 718.65
35.50 676.62
36.00 681.38
36.50 760.69
37.00 781.38
37.50 345.20
38.00 585.92
38.50 780.75
39.00 794.91
39.50 701.45
40.00 373.49
40.50 704.94
41.00 760.08
41.50 702.49
42.00 803.37
42.50 855.30
43.00 743.35
43.50 718.47
44.00 787.81
44.50 739.06
45.00 717.67
45.50 734.23
46.00 726.47
46.50 736.00
47.00 578.27
47.50 729.30
48.00 679.59
48.50 493.93
49.00 647.34
49.50 727.75
50.00 763.57
50.50 715.67
51.00 857.05
51.50 678.68
52.00 629.53
52.50 749.25
53.00 739.50
53.50 664.19
54.00 783.11
54.50 683.49
55.00 725.93
55.50 708.00
56.00 493.33
56.50 640.79
57.00 734.43
57.50 695.85
58.00 79.12
58.50 598.05
59.00 707.58
59.50 852.89
60.00 666.03
60.50 821.68
61.00 716.35
61.50 695.75
62.00 161.60
62.50 507.37
63.00 666.90
63.50 900.00
64.00 821.91
64.50 704.22
65.00 704.16
65.50 706.62
66.00 637.49
66.50 720.22
67.00 703.99
67.50 770.46
68.00 696.90
68.50 843.48
69.00 705.25
69.50 689.40
70.00 150.77
70.50 129.19
71.00 135.67
71.50 76.55
72.00 166.17
72.50 164.19
73.00 87.32
73.50 0.00
74.00 751.56
74.50 720.51
75.00 750.73
75.50 757.38
76.00 855.48
76.50 833.06
77.00 747.73
77.50 797.03
78.00 734.82
78.50 748.73
79.00 770.60
79.50 723.31
80.00 765.23
80.50 735.70
81.00 174.94
81.50 113.38
82.00 62.12
82.50 216.74
83.00 318.60
83.50 94.60
84.00 503.18
84.50 754.43
85.00 741.31
85.50 767.14
86.00 715.77
86.50 711.80
87.00 666.55
87.50 395.80
88.00 750.58
88.50 536.55
89.00 697.35
89.50 726.41
90.00 773.76
90.50 704.94
91.00 318.68
91.50 501.02
92.00 846.12
92.50 840.53
93.00 87.63
93.50 482.97
94.00 572.90
94.50 236.53
95.00 682.91
95.50 694.19
96.00 755.53
96.50 815.77
97.00 687.90
97.50 782.68
98.00 772.04
98.50 738.40
99.00 749.30
99.50 722.24
100.00 724.28
100.50 738.85
101.00 771.00
101.50 855.20
102.00 634.85
102.50 832.84
103.00 824.39
103.50 828.34
104.00 861.93
104.50 778.34
105.00 747.64
105.50 690.95
106.00 831.82
106.50 854.88
107.00 876.80
107.50 817.65
108.00 111.98
108.50 124.29
109.00 243.54
109.50 229.96
110.00 51.41
110.50 114.95
111.00 768.24
111.50 540.47
112.00 670.27
112.50 859.33
113.00 820.21
113.50 836.25
114.00 870.55
114.50 873.39
115.00 832.47
115.50 854.22
116.00 710.37
116.50 717.99
117.00 0.01
117.50 268.37
118.00 310.66
118.50 101.72
119.00 79.77
119.50 469.48
120.00 798.32
120.50 839.92
121.00 859.07
121.50 187.65
122.00 317.49
122.50 716.30
123.00 696.66
123.50 743.33
124.00 705.61
124.50 865.84
125.00 811.81
125.50 683.97
126.00 731.33
126.50 720.35
127.00 791.84
127.50 708.44
128.00 746.90
128.50 834.25
129.00 853.56
129.50 879.76
130.00 655.02
130.50 751.86
131.00 764.01
131.50 761.59
132.00 785.06
132.50 788.13
133.00 737.79
133.50 721.48
134.00 802.27
134.50 698.88
135.00 736.17
135.50 736.89
136.00 754.62
136.50 715.16
137.00 698.58
137.50 709.80
138.00 720.09
138.50 739.63
139.00 741.82
139.50 698.25
140.00 740.72
140.50 715.52
141.00 696.48
141.50 758.24
142.00 747.71
142.50 741.16
143.00 767.16
143.50 720.64
144.00 689.17
144.50 788.05
145.00 760.63
145.50 20.81
146.00 417.01
146.50 653.56
147.00 441.55
147.50 382.08
148.00 324.07
148.50 707.93
149.00 725.57
149.50 745.30
150.00 854.44
150.50 831.02
151.00 779.64
151.50 767.54
152.00 734.61
152.50 729.27
153.00 735.13
153.50 715.98
154.00 693.04
154.50 717.96
155.00 797.81
155.50 751.23
156.00 761.95
156.50 707.12
157.00 687.89
157.50 714.36
158.00 702.29
158.50 753.35
159.00 730.10
159.50 733.36
160.00 734.49
160.50 749.92
161.00 807.53
161.50 740.65
162.00 667.92
162.50 734.30
163.00 755.12
163.50 762.34
164.00 698.06
164.50 708.45
165.00 753.50
165.50 726.71
166.00 759.30
166.50 722.05
167.00 782.67
167.50 761.80
168.00 701.48
168.50 721.34
169.00 776.46
169.50 700.09
170.00 754.41
170.50 675.63
171.00 692.50
171.50 746.85
172.00 668.28
172.50 696.51
173.00 760.20
173.50 762.54
174.00 721.20
174.50 705.58
175.00 756.23
175.50 713.53
176.00 783.56
176.50 752.92
177.00 735.38
177.50 737.44
178.00 759.94
178.50 694.65
179.00 779.15
179.50 691.29
180.00 0.00
180.50 0.00
181.00 0.00
181.50 0.00
182.00 0.00
182.50 776.48
183.00 855.17
183.50 848.78
184.00 808.36
184.50 814.69
185.00 0.01
185.50 450.81
186.00 710.17
186.50 766.97
187.00 849.89
187.50 569.82
188.00 103.36
188.50 0.00
189.00 0.00
189.50 219.31
190.00 816.15
190.50 826.41
191.00 834.98
191.50 823.05
192.00 836.00
192.50 819.57
193.00 725.99
193.50 821.83
194.00 835.92
194.50 835.71
195.00 837.06
195.50 855.58
196.00 806.75
196.50 839.34
197.00 754.90
197.50 844.26
198.00 791.88
198.50 0.00
199.00 421.04
199.50 78.81
200.00 683.11
200.50 618.31
201.00 632.52
201.50 401.94
202.00 320.61
202.50 811.10
203.00 820.98
203.50 314.19
204.00 0.00
204.50 63.96
205.00 676.68
205.50 204.73
206.00 652.58
206.50 426.91
207.00 333.05
207.50 149.23
208.00 540.66
208.50 688.17
209.00 693.68
209.50 682.41
210.00 845.57
210.50 840.68
211.00 847.59
211.50 862.97
212.00 831.44
212.50 862.20
213.00 855.85
213.50 739.33
214.00 0.00
214.50 728.40
215.00 751.74
215.50 740.56
216.00 731.10
216.50 758.52
217.00 586.32
217.50 324.35
218.00 699.08
218.50 794.27
219.00 732.34
219.50 847.01
220.00 796.87
220.50 842.10
221.00 420.23
221.50 766.53
222.00 581.87
222.50 863.14
223.00 154.96
223.50 538.93
224.00 803.08
224.50 851.41
225.00 841.78
225.50 772.39
226.00 680.00
226.50 732.98
227.00 670.54
227.50 749.55
228.00 785.66
228.50 696.04
229.00 698.35
229.50 900.00
230.00 701.92
230.50 785.19
231.00 695.98
231.50 764.96
232.00 839.01
232.50 656.99
233.00 660.87
233.50 694.51
234.00 715.85
234.50 738.43
235.00 689.66
235.50 715.86
236.00 707.30
236.50 730.98
237.00 768.33
237.50 817.49
238.00 47.80
238.50 665.57
239.00 778.21
239.50 785.02
240.00 729.72
240.50 533.95
241.00 682.49
241.50 640.00
242.00 711.52
242.50 684.85
243.00 697.03
243.50 760.91
244.00 444.36
244.50 722.99
245.00 738.34
245.50 741.50
246.00 312.88
246.50 666.54
247.00 702.70
247.50 720.79
248.00 694.44
248.50 307.16
249.00 647.89
249.50 864.46
250.00 731.99
250.50 744.83
251.00 704.22
251.50 768.96
252.00 680.51
252.50 703.27
253.00 691.79
253.50 713.33
254.00 575.21
254.50 704.51
255.00 818.75
255.50 718.32
256.00 760.32
256.50 706.68
257.00 745.82
257.50 791.22
258.00 680.01
258.50 525.93
259.00 695.58
259.50 900.00
260.00 703.84
260.50 703.71
261.00 703.93
261.50 726.31
262.00 719.14
262.50 711.53
263.00 722.77
263.50 900.00
264.00 728.18
264.50 695.43
265.00 680.62
265.50 726.92
266.00 708.51
266.50 838.06
267.00 735.79
267.50 764.68
268.00 744.63
268.50 712.43
269.00 697.63
269.50 715.30
270.00 689.35
270.50 262.51
271.00 606.41
271.50 694.50
272.00 735.22
272.50 703.33
273.00 720.50
273.50 655.29
274.00 694.95
274.50 826.89
275.00 709.98
275.50 694.92
276.00 728.41
276.50 701.00
277.00 729.53
277.50 456.93
278.00 777.10
278.50 640.47
279.00 712.76
279.50 674.14
280.00 690.35
280.50 717.74
281.00 628.19
281.50 803.99
282.00 821.43
282.50 688.43
283.00 698.63
283.50 736.02
284.00 828.63
284.50 708.62
285.00 683.48
285.50 713.76
286.00 699.07
286.50 858.26
287.00 699.73
287.50 704.16
288.00 699.15
288.50 695.91
289.00 693.99
289.50 718.15
290.00 863.20
290.50 712.14
291.00 714.08
291.50 697.70
292.00 335.00
292.50 722.49
293.00 690.91
293.50 720.72
294.00 733.06
294.50 702.65
295.00 712.89
295.50 823.83
296.00 701.80
296.50 733.71
297.00 792.18
297.50 799.77
298.00 864.37
298.50 716.33
299.00 705.87
299.50 735.72
