0.00 0.00
0.50 4.50
1.00 0.01
1.50 0.01
2.00 0.01
2.50 230.97
3.00 93.44
3.50 753.11
4.00 778.69
4.50 33.92
5.00 392.99
5.50 698.54
6.00 842.15
6.50 849.50
7.00 834.86
7.50 751.42
8.00 726.75
8.50 737.89
9.00 733.35
9.50 729.41
10.00 516.40
10.50 656.30
11.00 791.15
11.50 700.61
12.00 743.58
12.50 690.19
13.00 85.49
13.50 120.27
14.00 197.19
14.50 682.94
15.00 874.13
15.50 852.72
16.00 197.21
16.50 107.10
17.00 653.13
17.50 481.35
18.00 408.97
18.50 0.02
19.00 650.14
19.50 714.85
20.00 103.57
20.50 0.00
21.00 141.49
21.50 786.02
22.00 708.44
22.50 727.80
23.00 754.98
23.50 756.31
24.00 753.15
24.50 843.08
25.00 806.37
25.50 608.14
26.00 681.20
26.50 408.16
27.00 753.31
27.50 723.23
28.00 651.95
28.50 864.01
29.00 808.83
29.50 827.90
30.00 829.25
30.50 845.46
31.00 410.87
31.50 832.42
32.00 806.37
32.50 784.87
33.00 718.74
33.50 702.21
34.00 516.03
34.50 553.04
35.00 485.71
35.50 726.14
36.00 717.64
36.50 766.99
37.00 726.68
37.50 801.96
38.00 838.28
38.50 760.45
39.00 0.00
39.50 0.01
40.00 0.01
40.50 0.01
41.00 0.00
41.50 0.00
42.00 0.00
42.50 0.01
43.00 40.06
43.50 0.00
44.00 0.01
44.50 0.00
45.00 0.00
45.50 0.00
46.00 0.00
46.50 0.01
47.00 308.18
47.50 407.69
48.00 777.38
48.50 835.81
49.00 872.46
49.50 877.69
50.00 825.96
50.50 834.59
51.00 877.71
51.50 822.09
52.00 707.26
52.50 728.14
53.00 728.51
53.50 846.55
54.00 778.25
54.50 822.48
55.00 846.89
55.50 748.35
56.00 743.19
56.50 417.78
57.00 111.57
57.50 469.38
58.00 711.11
58.50 820.02
59.00 872.75
59.50 851.21
60.00 710.72
60.50 706.56
61.00 0.00
61.50 6.09
62.00 57.81
62.50 144.71
63.00 270.24
63.50 776.89
64.00 760.92
64.50 815.25
65.00 771.98
65.50 723.24
66.00 0.00
66.50 0.00
67.00 145.86
67.50 129.67
68.00 532.89
68.50 454.48
69.00 838.13
69.50 873.01
70.00 824.08
70.50 849.23
71.00 866.68
71.50 824.20
72.00 880.96
72.50 817.96
73.00 0.00
73.50 481.64
74.00 712.05
74.50 844.38
75.00 863.34
75.50 29.79
76.00 178.36
76.50 0.00
77.00 0.01
77.50 0.00
78.00 0.00
78.50 0.02
79.00 116.78
79.50 83.09
80.00 53.53
80.50 503.70
81.00 790.52
81.50 0.00
82.00 398.95
82.50 712.55
83.00 756.79
83.50 791.31
84.00 0.00
84.50 0.00
85.00 0.00
85.50 633.43
86.00 585.84
86.50 155.05
87.00 0.00
87.50 0.00
88.00 476.10
88.50 735.39
89.00 733.19
89.50 765.11
90.00 702.02
90.50 594.97
91.00 576.34
91.50 858.25
92.00 854.98
92.50 805.43
93.00 700.85
93.50 494.46
94.00 734.68
94.50 565.37
95.00 719.35
95.50 808.77
96.00 864.95
96.50 858.10
97.00 872.53
97.50 828.18
98.00 734.38
98.50 0.00
99.00 410.96
99.50 798.01
100.00 699.83
100.50 324.66
101.00 585.47
101.50 736.06
102.00 771.43
102.50 693.50
103.00 42.10
103.50 0.00
104.00 670.66
104.50 0.00
105.00 164.74
105.50 843.26
106.00 728.89
106.50 755.08
107.00 824.16
107.50 320.74
108.00 825.51
108.50 746.28
109.00 759.71
109.50 731.28
110.00 726.35
110.50 881.45
111.00 808.77
111.50 862.24
112.00 861.21
112.50 857.32
113.00 712.14
113.50 840.15
114.00 737.29
114.50 828.06
115.00 849.53
115.50 733.17
116.00 788.86
116.50 839.48
117.00 759.54
117.50 759.54
118.00 471.41
118.50 702.91
119.00 525.74
119.50 704.67
120.00 37.45
120.50 678.13
121.00 247.93
121.50 569.99
122.00 222.75
122.50 470.77
123.00 479.10
123.50 743.15
124.00 757.15
124.50 703.95
125.00 748.17
125.50 741.51
126.00 736.26
126.50 729.09
127.00 720.92
127.50 705.29
128.00 743.10
128.50 717.61
129.00 763.64
129.50 764.52
130.00 719.93
130.50 674.82
131.00 741.29
131.50 736.09
132.00 704.82
132.50 731.78
133.00 696.88
133.50 833.72
134.00 874.76
134.50 813.10
135.00 846.72
135.50 744.17
136.00 730.76
136.50 747.55
137.00 751.59
137.50 732.50
138.00 683.10
138.50 716.17
139.00 712.80
139.50 723.67
140.00 729.24
140.50 744.02
141.00 715.24
141.50 720.68
142.00 763.80
142.50 721.72
143.00 723.44
143.50 725.19
144.00 677.80
144.50 735.53
145.00 685.25
145.50 721.40
146.00 759.26
146.50 726.69
147.00 702.36
147.50 714.58
148.00 695.11
148.50 787.79
149.00 706.01
149.50 815.25
150.00 743.53
150.50 726.01
151.00 791.24
151.50 729.67
152.00 730.99
152.50 763.22
153.00 719.64
153.50 737.57
154.00 775.76
154.50 792.41
155.00 713.86
155.50 703.32
156.00 707.49
156.50 748.46
157.00 721.53
157.50 731.76
158.00 725.13
158.50 723.67
159.00 741.66
159.50 729.66
160.00 747.24
160.50 674.70
161.00 732.12
161.50 724.64
162.00 708.86
162.50 757.11
163.00 750.29
163.50 107.99
164.00 548.14
164.50 713.03
165.00 447.52
165.50 719.47
166.00 0.00
166.50 0.02
167.00 0.03
167.50 253.06
168.00 0.00
168.50 84.16
169.00 190.32
169.50 790.38
170.00 681.95
170.50 693.82
171.00 710.95
171.50 714.31
172.00 697.66
172.50 680.30
173.00 686.39
173.50 174.56
174.00 628.59
174.50 726.91
175.00 739.95
175.50 626.68
176.00 692.02
176.50 716.74
177.00 700.64
177.50 718.52
178.00 713.76
178.50 434.24
179.00 655.20
179.50 797.99
180.00 716.80
180.50 690.41
181.00 856.26
181.50 759.43
182.00 732.57
182.50 719.33
183.00 713.88
183.50 749.78
184.00 701.97
184.50 699.35
185.00 837.27
185.50 722.65
186.00 444.44
186.50 624.14
187.00 825.75
187.50 717.50
188.00 711.25
188.50 438.09
189.00 681.92
189.50 716.53
190.00 707.43
190.50 702.35
191.00 759.53
191.50 740.29
192.00 0.00
192.50 482.87
193.00 689.90
193.50 716.05
194.00 727.32
194.50 743.35
195.00 361.10
195.50 567.76
196.00 697.27
196.50 709.83
197.00 657.23
197.50 667.41
198.00 738.29
198.50 852.53
199.00 816.36
199.50 771.57
200.00 789.58
200.50 730.82
201.00 691.13
201.50 720.84
202.00 719.69
202.50 697.72
203.00 721.61
203.50 690.22
204.00 727.88
204.50 707.72
205.00 691.82
205.50 629.05
206.00 736.67
206.50 730.66
207.00 846.05
207.50 676.27
208.00 690.88
208.50 686.60
209.00 853.16
209.50 785.17
210.00 722.99
210.50 741.03
211.00 731.34
211.50 716.18
212.00 753.84
212.50 894.68
213.00 704.82
213.50 678.59
214.00 697.04
214.50 853.64
215.00 817.25
215.50 819.17
216.00 702.90
216.50 756.40
217.00 669.72
217.50 900.00
218.00 692.46
218.50 719.27
219.00 776.30
219.50 703.34
220.00 681.28
220.50 739.84
221.00 576.57
221.50 753.96
222.00 714.92
222.50 829.62
223.00 632.75
223.50 701.65
224.00 301.21
224.50 662.28
225.00 721.88
225.50 715.08
226.00 697.29
226.50 689.70
227.00 693.82
227.50 698.72
228.00 803.17
228.50 845.50
229.00 757.44
229.50 703.58
230.00 745.46
230.50 801.86
231.00 763.11
231.50 751.33
232.00 716.87
232.50 703.82
233.00 713.30
233.50 776.11
234.00 743.96
234.50 721.69
235.00 741.80
235.50 729.77
236.00 750.30
236.50 776.21
237.00 696.92
237.50 745.10
238.00 723.55
238.50 676.58
239.00 755.38
239.50 747.35
240.00 716.95
240.50 739.07
241.00 686.97
241.50 706.74
242.00 756.13
242.50 740.08
243.00 732.22
243.50 773.24
244.00 731.00
244.50 745.26
245.00 832.23
245.50 733.65
246.00 750.06
246.50 763.65
247.00 712.39
247.50 766.23
248.00 778.52
248.50 735.16
249.00 749.24
249.50 768.46
250.00 752.81
250.50 802.17
251.00 743.69
251.50 751.55
252.00 724.89
252.50 758.80
253.00 719.70
253.50 683.15
254.00 685.84
254.50 749.51
255.00 745.04
255.50 697.97
256.00 730.95
256.50 787.45
257.00 695.87
257.50 747.49
258.00 690.54
258.50 739.54
259.00 703.60
259.50 702.61
260.00 705.44
260.50 798.90
261.00 725.21
261.50 737.27
262.00 720.59
262.50 707.42
263.00 763.28
263.50 687.62
264.00 706.98
264.50 674.97
265.00 749.62
265.50 758.77
266.00 748.59
266.50 765.34
267.00 691.70
267.50 698.19
268.00 718.69
268.50 721.64
269.00 763.58
269.50 720.08
270.00 720.39
270.50 719.11
271.00 731.46
271.50 724.37
272.00 763.06
272.50 724.29
273.00 747.39
273.50 829.10
274.00 760.22
274.50 727.09
275.00 688.31
275.50 683.10
276.00 739.23
276.50 702.47
277.00 718.39
277.50 724.39
278.00 721.12
278.50 736.34
279.00 727.03
279.50 735.63
280.00 707.98
280.50 747.56
281.00 787.81
281.50 769.12
282.00 692.82
282.50 762.58
283.00 756.51
283.50 744.12
284.00 733.32
284.50 739.65
285.00 845.25
285.50 697.98
286.00 773.24
286.50 667.36
287.00 702.18
287.50 757.59
288.00 702.12
288.50 722.27
289.00 767.64
289.50 701.74
290.00 756.20
290.50 752.94
291.00 848.78
291.50 694.26
292.00 713.39
292.50 701.31
293.00 710.98
293.50 688.12
294.00 704.48
294.50 716.85
295.00 327.15
295.50 679.17
296.00 708.48
296.50 498.36
297.00 589.13
297.50 808.15
298.00 724.00
298.50 697.85
299.00 688.99
299.50 798.07
