0.00 806.97
0.50 860.37
1.00 740.15
1.50 847.37
2.00 849.43
2.50 39.62
3.00 106.36
3.50 6.37
4.00 806.81
4.50 733.76
5.00 776.31
5.50 700.52
6.00 859.98
6.50 777.39
7.00 825.64
7.50 860.94
8.00 812.19
8.50 848.58
9.00 877.01
9.50 822.66
10.00 729.78
10.50 712.90
11.00 106.94
11.50 26.73
12.00 654.71
12.50 489.40
13.00 844.06
13.50 136.31
14.00 433.92
14.50 82.47
15.00 743.02
15.50 764.34
16.00 749.04
16.50 773.71
17.00 99.64
17.50 0.00
18.00 0.01
18.50 0.00
19.00 852.74
19.50 736.41
20.00 794.42
20.50 779.19
21.00 481.89
21.50 0.00
22.00 84.68
22.50 758.18
23.00 405.84
23.50 223.24
24.00 1.78
24.50 138.53
25.00 0.00
25.50 395.87
26.00 900.00
26.50 738.64
27.00 191.40
27.50 0.01
28.00 552.07
28.50 711.23
29.00 761.55
29.50 736.28
30.00 716.83
30.50 712.03
31.00 744.54
31.50 684.01
32.00 749.83
32.50 188.13
33.00 172.12
33.50 102.82
34.00 267.27
34.50 639.39
35.00 207.41
35.50 740.30
36.00 0.00
36.50 0.01
37.00 242.25
37.50 251.21
38.00 113.11
38.50 115.18
39.00 0.00
39.50 110.55
40.00 590.15
40.50 772.92
41.00 728.38
41.50 761.55
42.00 734.76
42.50 684.27
43.00 729.27
43.50 704.40
44.00 709.21
44.50 688.07
45.00 715.40
45.50 736.46
46.00 776.46
46.50 746.95
47.00 726.25
47.50 711.85
48.00 775.75
48.50 791.84
49.00 679.85
49.50 744.92
50.00 761.62
50.50 724.34
51.00 701.46
51.50 710.27
52.00 704.23
52.50 750.56
53.00 709.73
53.50 735.71
54.00 720.46
54.50 653.98
55.00 714.88
55.50 736.36
56.00 733.21
56.50 704.18
57.00 743.59
57.50 745.56
58.00 682.07
58.50 762.43
59.00 736.42
59.50 732.21
60.00 718.67
60.50 764.59
61.00 773.41
61.50 779.84
62.00 765.38
62.50 721.12
63.00 742.62
63.50 755.79
64.00 744.77
64.50 705.05
65.00 739.61
65.50 739.87
66.00 732.45
66.50 755.90
67.00 725.47
67.50 758.47
68.00 725.72
68.50 711.37
69.00 776.89
69.50 732.86
70.00 725.47
70.50 729.89
71.00 700.34
71.50 738.74
72.00 718.24
72.50 730.00
73.00 710.38
73.50 688.39
74.00 735.20
74.50 751.39
75.00 719.39
75.50 669.22
76.00 727.62
76.50 706.67
77.00 729.13
77.50 715.03
78.00 677.71
78.50 700.76
79.00 705.43
79.50 696.65
80.00 716.39
80.50 703.60
81.00 680.79
81.50 775.79
82.00 854.41
82.50 701.20
83.00 715.37
83.50 673.10
84.00 736.67
84.50 774.36
85.00 806.20
85.50 695.74
86.00 676.34
86.50 829.39
87.00 679.94
87.50 786.75
88.00 735.19
88.50 718.04
89.00 728.82
89.50 843.37
90.00 528.94
90.50 820.27
91.00 797.05
91.50 682.36
92.00 679.49
92.50 665.70
93.00 171.35
93.50 568.79
94.00 133.08
94.50 217.91
95.00 0.01
95.50 841.04
96.00 852.91
96.50 80.81
97.00 539.40
97.50 117.41
98.00 0.00
98.50 652.75
99.00 0.01
99.50 189.81
100.00 121.45
100.50 148.23
101.00 212.79
101.50 95.57
102.00 0.00
102.50 0.00
103.00 851.35
103.50 851.06
104.00 827.22
104.50 883.54
105.00 596.49
105.50 557.91
106.00 310.38
106.50 684.07
107.00 186.92
107.50 868.20
108.00 823.03
108.50 880.49
109.00 532.34
109.50 176.82
110.00 88.61
110.50 0.00
111.00 0.01
111.50 56.27
112.00 714.32
112.50 541.56
113.00 866.57
113.50 849.88
114.00 839.31
114.50 710.39
115.00 512.88
115.50 0.00
116.00 22.65
116.50 151.30
117.00 394.11
117.50 162.65
118.00 361.41
118.50 538.53
119.00 837.06
119.50 819.38
120.00 737.72
120.50 727.72
121.00 748.54
121.50 706.85
122.00 662.72
122.50 721.37
123.00 793.39
123.50 871.18
124.00 758.01
124.50 832.93
125.00 830.68
125.50 841.12
126.00 864.13
126.50 835.49
127.00 777.53
127.50 753.02
128.00 779.52
128.50 780.64
129.00 850.54
129.50 806.34
130.00 852.04
130.50 522.06
131.00 188.41
131.50 0.00
132.00 146.90
132.50 246.15
133.00 706.50
133.50 441.74
134.00 327.89
134.50 703.55
135.00 745.36
135.50 732.47
136.00 685.64
136.50 83.80
137.00 537.51
137.50 617.98
138.00 767.55
138.50 636.91
139.00 216.53
139.50 738.83
140.00 797.69
140.50 697.93
141.00 823.61
141.50 857.03
142.00 854.01
142.50 833.66
143.00 830.84
143.50 702.35
144.00 710.65
144.50 763.47
145.00 17.54
145.50 116.86
146.00 538.33
146.50 813.46
147.00 709.16
147.50 707.60
148.00 735.69
148.50 726.21
149.00 699.06
149.50 718.97
150.00 735.88
150.50 715.18
151.00 711.67
151.50 54.91
152.00 665.17
152.50 707.47
153.00 800.34
153.50 694.30
154.00 748.18
154.50 783.51
155.00 855.31
155.50 830.99
156.00 809.07
156.50 654.93
157.00 683.98
157.50 870.43
158.00 708.32
158.50 822.59
159.00 832.48
159.50 615.59
160.00 676.70
160.50 714.37
161.00 693.24
161.50 712.53
162.00 857.78
162.50 842.19
163.00 702.69
163.50 766.29
164.00 578.25
164.50 682.65
165.00 844.53
165.50 717.91
166.00 700.55
166.50 817.67
167.00 700.40
167.50 732.93
168.00 824.23
168.50 900.00
169.00 753.98
169.50 740.97
170.00 700.19
170.50 675.72
171.00 814.63
171.50 336.42
172.00 636.63
172.50 703.70
173.00 681.19
173.50 334.34
174.00 602.57
174.50 691.94
175.00 759.47
175.50 899.43
176.00 709.52
176.50 695.10
177.00 694.09
177.50 835.05
178.00 737.37
178.50 830.68
179.00 698.85
179.50 725.21
180.00 375.04
180.50 806.56
181.00 197.57
181.50 585.52
182.00 743.79
182.50 752.30
183.00 751.47
183.50 783.34
184.00 790.22
184.50 710.95
185.00 686.91
185.50 742.95
186.00 847.30
186.50 699.04
187.00 851.83
187.50 688.45
188.00 768.47
188.50 831.23
189.00 723.61
189.50 799.78
190.00 792.70
190.50 752.20
191.00 810.01
191.50 738.03
192.00 653.94
192.50 728.81
193.00 816.94
193.50 390.48
194.00 233.55
194.50 51.20
195.00 636.52
195.50 408.67
196.00 94.89
196.50 360.75
197.00 0.00
197.50 0.00
198.00 0.00
198.50 0.00
199.00 393.53
199.50 67.07
200.00 340.73
200.50 314.91
201.00 484.28
201.50 732.21
202.00 736.89
202.50 785.40
203.00 821.06
203.50 825.46
204.00 734.65
204.50 530.21
205.00 619.35
205.50 734.85
206.00 240.07
206.50 142.30
207.00 0.00
207.50 567.57
208.00 730.26
208.50 354.91
209.00 0.00
209.50 567.71
210.00 197.16
210.50 724.55
211.00 729.35
211.50 448.26
212.00 608.44
212.50 0.00
213.00 548.18
213.50 866.70
214.00 763.75
214.50 739.47
215.00 741.54
215.50 728.20
216.00 740.57
216.50 767.82
217.00 754.22
217.50 835.09
218.00 808.99
218.50 0.03
219.00 0.00
219.50 641.10
220.00 87.65
220.50 101.38
221.00 54.83
221.50 0.00
222.00 0.01
222.50 0.00
223.00 0.00
223.50 101.30
224.00 765.94
224.50 184.78
225.00 656.67
225.50 13.75
226.00 861.97
226.50 859.42
227.00 797.88
227.50 850.28
228.00 830.27
228.50 853.78
229.00 853.88
229.50 853.12
230.00 839.84
230.50 668.33
231.00 719.03
231.50 625.24
232.00 685.66
232.50 405.26
233.00 701.02
233.50 771.45
234.00 732.37
234.50 811.40
235.00 755.41
235.50 557.80
236.00 578.19
236.50 804.89
237.00 838.75
237.50 715.43
238.00 827.30
238.50 857.13
239.00 763.96
239.50 728.73
240.00 760.08
240.50 813.55
241.00 833.25
241.50 900.00
242.00 816.83
242.50 824.12
243.00 858.08
243.50 614.32
244.00 564.32
244.50 722.79
245.00 678.40
245.50 900.00
246.00 876.90
246.50 778.52
247.00 790.85
247.50 736.91
248.00 764.70
248.50 848.08
249.00 707.99
249.50 719.46
250.00 694.88
250.50 135.46
251.00 620.29
251.50 316.58
252.00 576.56
252.50 769.65
253.00 789.21
253.50 691.10
254.00 730.59
254.50 152.10
255.00 661.72
255.50 760.66
256.00 898.17
256.50 730.47
257.00 821.72
257.50 827.93
258.00 792.86
258.50 854.35
259.00 701.38
259.50 697.29
260.00 339.81
260.50 718.90
261.00 746.78
261.50 611.32
262.00 713.50
262.50 718.97
263.00 793.48
263.50 702.72
264.00 731.46
264.50 697.03
265.00 716.32
265.50 791.66
266.00 768.04
266.50 838.56
267.00 742.25
267.50 688.40
268.00 745.89
268.50 869.35
269.00 739.84
269.50 771.39
270.00 695.70
270.50 736.03
271.00 738.81
271.50 719.39
272.00 721.57
272.50 797.86
273.00 679.08
273.50 745.51
274.00 800.55
274.50 696.27
275.00 885.77
275.50 718.71
276.00 701.34
276.50 711.37
277.00 866.14
277.50 676.19
278.00 505.84
278.50 686.07
279.00 775.82
279.50 766.52
280.00 533.01
280.50 736.11
281.00 692.92
281.50 705.10
282.00 753.82
282.50 687.09
283.00 698.19
283.50 710.22
284.00 701.84
284.50 696.18
285.00 751.58
285.50 630.61
286.00 591.30
286.50 797.08
287.00 721.83
287.50 737.65
288.00 699.42
288.50 683.16
289.00 726.50
289.50 677.19
290.00 853.43
290.50 678.50
291.00 799.30
291.50 866.87
292.00 783.44
292.50 713.07
293.00 709.81
293.50 822.27
294.00 735.99
294.50 748.58
295.00 745.96
295.50 699.85
296.00 716.15
296.50 775.14
297.00 689.59
297.50 673.48
298.00 741.02
298.50 775.72
299.00 752.83
299.50 700.33
