0.00 188.23
0.50 0.00
1.00 0.01
1.50 160.51
2.00 551.05
2.50 622.05
3.00 531.05
3.50 841.48
4.00 853.44
4.50 840.56
5.00 861.90
5.50 768.25
6.00 828.40
6.50 192.82
7.00 428.67
7.50 534.81
8.00 744.54
8.50 820.65
9.00 771.85
9.50 149.97
10.00 112.42
10.50 0.00
11.00 0.00
11.50 151.59
12.00 451.70
12.50 238.72
13.00 724.62
13.50 834.56
14.00 662.52
14.50 102.53
15.00 250.81
15.50 0.00
16.00 98.63
16.50 223.17
17.00 900.00
17.50 703.65
18.00 0.01
18.50 0.00
19.00 0.03
19.50 0.03
20.00 15.89
20.50 682.34
21.00 492.59
21.50 403.14
22.00 762.92
22.50 742.52
23.00 543.21
23.50 0.00
24.00 0.00
24.50 30.05
25.00 45.61
25.50 0.01
26.00 0.00
26.50 38.18
27.00 694.47
27.50 596.68
28.00 540.74
28.50 710.51
29.00 712.49
29.50 726.37
30.00 231.42
30.50 611.14
31.00 729.94
31.50 718.92
32.00 598.72
32.50 683.82
33.00 666.67
33.50 704.16
34.00 817.62
34.50 713.14
35.00 699.60
35.50 792.22
36.00 636.16
36.50 684.12
37.00 717.87
37.50 400.08
38.00 704.48
38.50 696.19
39.00 710.87
39.50 746.07
40.00 771.91
40.50 759.11
41.00 750.25
41.50 813.54
42.00 698.72
42.50 695.39
43.00 752.63
43.50 457.78
44.00 691.65
44.50 766.88
45.00 719.10
45.50 714.65
46.00 840.56
46.50 246.13
47.00 0.01
47.50 0.00
48.00 167.88
48.50 117.19
49.00 768.93
49.50 855.38
50.00 850.39
50.50 763.37
51.00 766.92
51.50 864.66
52.00 846.25
52.50 716.84
53.00 768.92
53.50 754.55
54.00 740.65
54.50 824.02
55.00 723.89
55.50 690.68
56.00 722.92
56.50 620.40
57.00 710.74
57.50 802.00
58.00 710.52
58.50 858.28
59.00 710.47
59.50 802.37
60.00 691.75
60.50 713.11
61.00 449.58
61.50 719.37
62.00 751.52
62.50 761.29
63.00 700.62
63.50 749.31
64.00 739.29
64.50 261.25
65.00 597.08
65.50 742.06
66.00 660.84
66.50 739.41
67.00 735.34
67.50 695.45
68.00 680.01
68.50 655.74
69.00 582.15
69.50 661.66
70.00 724.82
70.50 773.51
71.00 728.69
71.50 839.93
72.00 576.06
72.50 716.63
73.00 769.04
73.50 710.36
74.00 676.65
74.50 712.82
75.00 714.33
75.50 626.36
76.00 686.64
76.50 716.41
77.00 831.39
77.50 815.49
78.00 778.22
78.50 706.80
79.00 775.41
79.50 849.71
80.00 727.23
80.50 709.88
81.00 690.96
81.50 713.15
82.00 714.69
82.50 704.97
83.00 562.25
83.50 763.41
84.00 727.57
84.50 370.71
85.00 516.64
85.50 688.23
86.00 705.74
86.50 717.48
87.00 133.71
87.50 784.98
88.00 780.84
88.50 823.98
89.00 716.48
89.50 713.46
90.00 729.19
90.50 696.07
91.00 290.48
91.50 759.81
92.00 703.21
92.50 710.77
93.00 671.19
93.50 703.07
94.00 699.39
94.50 790.72
95.00 709.08
95.50 553.66
96.00 786.10
96.50 716.91
97.00 830.74
97.50 668.81
98.00 596.85
98.50 715.49
99.00 715.34
99.50 781.19
100.00 818.13
100.50 836.07
101.00 697.92
101.50 725.36
102.00 689.08
102.50 743.70
103.00 747.50
103.50 743.17
104.00 331.95
104.50 611.83
105.00 721.89
105.50 719.91
106.00 673.30
106.50 659.87
107.00 774.64
107.50 727.74
108.00 687.02
108.50 693.67
109.00 521.48
109.50 603.90
110.00 800.43
110.50 773.21
111.00 585.19
111.50 705.30
112.00 693.73
112.50 740.12
113.00 843.22
113.50 653.99
114.00 579.48
114.50 706.63
115.00 683.64
115.50 715.50
116.00 735.69
116.50 735.31
117.00 454.35
117.50 284.63
118.00 369.74
118.50 739.38
119.00 736.58
119.50 785.45
120.00 742.41
120.50 701.67
121.00 788.46
121.50 359.94
122.00 529.79
122.50 723.29
123.00 750.66
123.50 751.63
124.00 825.64
124.50 792.68
125.00 831.99
125.50 829.42
126.00 842.92
126.50 833.36
127.00 862.50
127.50 824.75
128.00 753.39
128.50 656.42
129.00 539.75
129.50 715.87
130.00 0.03
130.50 0.00
131.00 320.76
131.50 326.75
132.00 831.89
132.50 736.65
133.00 744.93
133.50 713.76
134.00 711.86
134.50 747.06
135.00 729.87
135.50 785.27
136.00 748.74
136.50 707.85
137.00 696.64
137.50 716.25
138.00 784.97
138.50 785.62
139.00 782.40
139.50 768.18
140.00 694.17
140.50 760.70
141.00 696.58
141.50 777.53
142.00 759.77
142.50 724.63
143.00 776.60
143.50 813.58
144.00 745.74
144.50 737.86
145.00 686.59
145.50 745.78
146.00 713.06
146.50 725.20
147.00 728.87
147.50 779.37
148.00 726.68
148.50 704.52
149.00 701.07
149.50 737.08
150.00 693.07
150.50 742.23
151.00 755.00
151.50 702.92
152.00 745.90
152.50 716.40
153.00 683.31
153.50 690.15
154.00 757.50
154.50 768.89
155.00 703.76
155.50 750.66
156.00 724.34
156.50 735.01
157.00 711.22
157.50 704.45
158.00 696.92
158.50 754.07
159.00 690.11
159.50 756.29
160.00 686.94
160.50 712.74
161.00 758.01
161.50 728.35
162.00 729.94
162.50 728.76
163.00 745.81
163.50 749.83
164.00 736.29
164.50 747.53
165.00 716.94
165.50 702.90
166.00 767.68
166.50 778.30
167.00 737.52
167.50 698.71
168.00 725.15
168.50 734.91
169.00 731.29
169.50 690.24
170.00 753.59
170.50 742.76
171.00 756.03
171.50 719.92
172.00 746.04
172.50 717.75
173.00 737.57
173.50 747.35
174.00 689.42
174.50 726.13
175.00 760.33
175.50 707.64
176.00 745.22
176.50 750.58
177.00 709.60
177.50 716.69
178.00 782.00
178.50 715.71
179.00 769.96
179.50 736.68
180.00 721.06
180.50 749.18
181.00 712.46
181.50 737.49
182.00 736.46
182.50 737.57
183.00 728.08
183.50 701.91
184.00 707.39
184.50 743.54
185.00 754.71
185.50 736.85
186.00 745.26
186.50 707.47
187.00 736.42
187.50 734.92
188.00 711.46
188.50 748.53
189.00 712.24
189.50 717.70
190.00 772.89
190.50 742.65
191.00 783.30
191.50 681.89
192.00 755.34
192.50 683.22
193.00 726.68
193.50 723.46
194.00 752.29
194.50 748.55
195.00 722.10
195.50 727.56
196.00 744.85
196.50 710.27
197.00 737.81
197.50 724.47
198.00 729.02
198.50 769.96
199.00 727.73
199.50 750.96
200.00 871.01
200.50 833.84
201.00 828.71
201.50 856.17
202.00 867.33
202.50 834.68
203.00 825.75
203.50 0.00
204.00 0.00
204.50 0.00
205.00 0.03
205.50 0.00
206.00 139.96
206.50 72.29
207.00 181.23
207.50 210.68
208.00 0.00
208.50 137.30
209.00 189.58
209.50 509.53
210.00 615.23
210.50 484.77
211.00 778.45
211.50 728.42
212.00 681.62
212.50 689.74
213.00 849.31
213.50 509.78
214.00 692.28
214.50 505.25
215.00 289.76
215.50 700.38
216.00 764.88
216.50 0.00
217.00 0.00
217.50 0.00
218.00 97.69
218.50 146.61
219.00 0.00
219.50 161.37
220.00 527.71
220.50 749.16
221.00 745.88
221.50 675.67
222.00 834.65
222.50 842.02
223.00 810.88
223.50 845.16
224.00 0.02
224.50 145.91
225.00 799.05
225.50 160.46
226.00 209.40
226.50 0.03
227.00 640.17
227.50 212.19
228.00 51.01
228.50 565.33
229.00 451.58
229.50 842.37
230.00 828.42
230.50 838.75
231.00 828.87
231.50 544.95
232.00 835.67
232.50 828.38
233.00 743.36
233.50 762.95
234.00 734.45
234.50 725.17
235.00 756.71
235.50 709.37
236.00 831.25
236.50 839.17
237.00 831.16
237.50 818.35
238.00 832.92
238.50 870.65
239.00 751.32
239.50 734.10
240.00 766.58
240.50 19.68
241.00 246.60
241.50 129.47
242.00 615.27
242.50 419.47
243.00 507.12
243.50 65.79
244.00 682.06
244.50 542.35
245.00 73.64
245.50 0.00
246.00 0.00
246.50 0.00
247.00 0.01
247.50 0.00
248.00 0.00
248.50 0.00
249.00 0.00
249.50 0.02
250.00 0.00
250.50 108.16
251.00 0.04
251.50 155.94
252.00 234.62
252.50 0.00
253.00 0.00
253.50 0.00
254.00 0.00
254.50 0.00
255.00 0.00
255.50 0.01
256.00 0.00
256.50 584.81
257.00 0.00
257.50 631.98
258.00 762.91
258.50 699.23
259.00 712.26
259.50 604.98
260.00 762.53
260.50 791.00
261.00 742.78
261.50 685.46
262.00 817.25
262.50 840.87
263.00 714.00
263.50 789.24
264.00 686.43
264.50 758.38
265.00 729.70
265.50 706.38
266.00 753.95
266.50 738.94
267.00 745.57
267.50 752.70
268.00 728.43
268.50 738.13
269.00 752.06
269.50 767.59
270.00 770.47
270.50 753.07
271.00 730.85
271.50 762.36
272.00 707.00
272.50 728.84
273.00 683.75
273.50 648.22
274.00 744.06
274.50 744.21
275.00 762.97
275.50 715.15
276.00 681.09
276.50 717.59
277.00 716.22
277.50 731.07
278.00 736.99
278.50 712.25
279.00 744.89
279.50 728.46
280.00 667.64
280.50 716.28
281.00 796.44
281.50 722.42
282.00 725.95
282.50 732.51
283.00 715.27
283.50 744.55
284.00 703.22
284.50 725.16
285.00 774.38
285.50 766.35
286.00 758.36
286.50 708.99
287.00 724.71
287.50 772.10
288.00 784.91
288.50 734.10
289.00 710.71
289.50 683.84
290.00 791.12
290.50 675.82
291.00 755.43
291.50 733.87
292.00 747.18
292.50 711.41
293.00 741.35
293.50 765.45
294.00 693.95
294.50 683.60
295.00 745.40
295.50 759.33
296.00 769.68
296.50 716.20
297.00 757.39
297.50 756.83
298.00 696.01
298.50 728.47
299.00 774.11
299.50 697.39
