0.00 0.01
0.50 0.00
1.00 116.69
1.50 55.30
2.00 143.23
2.50 0.03
3.00 0.00
3.50 535.97
4.00 784.23
4.50 743.72
5.00 714.45
5.50 747.53
6.00 711.03
6.50 770.64
7.00 0.00
7.50 60.87
8.00 57.58
8.50 25.22
9.00 0.00
9.50 0.00
10.00 0.00
10.50 0.02
11.00 783.85
11.50 739.72
12.00 710.02
12.50 758.39
13.00 788.62
13.50 762.71
14.00 692.46
14.50 739.15
15.00 714.82
15.50 755.33
16.00 726.79
16.50 700.01
17.00 713.93
17.50 730.35
18.00 749.67
18.50 711.27
19.00 726.19
19.50 765.77
20.00 688.50
20.50 727.99
21.00 729.42
21.50 728.64
22.00 779.97
22.50 727.87
23.00 747.83
23.50 793.24
24.00 792.13
24.50 710.67
25.00 727.76
25.50 741.76
26.00 716.87
26.50 820.79
27.00 720.36
27.50 740.95
28.00 757.27
28.50 713.96
29.00 723.23
29.50 698.29
30.00 732.28
30.50 699.35
31.00 758.28
31.50 727.17
32.00 720.61
32.50 783.65
33.00 768.20
33.50 707.92
34.00 751.34
34.50 770.61
35.00 768.07
35.50 732.85
36.00 738.93
36.50 748.98
37.00 740.87
37.50 725.63
38.00 802.12
38.50 738.22
39.00 785.14
39.50 690.04
40.00 746.63
40.50 709.12
41.00 723.99
41.50 756.14
42.00 695.71
42.50 768.69
43.00 723.64
43.50 769.62
44.00 695.31
44.50 729.86
45.00 753.60
45.50 745.23
46.00 762.15
46.50 743.14
47.00 757.13
47.50 758.33
48.00 746.05
48.50 692.57
49.00 722.30
49.50 760.92
50.00 735.90
50.50 734.59
51.00 718.63
51.50 701.10
52.00 821.75
52.50 706.63
53.00 740.54
53.50 749.04
54.00 763.82
54.50 729.64
55.00 692.07
55.50 715.31
56.00 681.22
56.50 768.98
57.00 751.27
57.50 752.97
58.00 709.42
58.50 740.79
59.00 707.26
59.50 725.73
60.00 704.42
60.50 702.31
61.00 746.55
61.50 788.91
62.00 768.50
62.50 750.98
63.00 764.29
63.50 730.16
64.00 741.69
64.50 737.90
65.00 772.28
65.50 770.21
66.00 742.86
66.50 747.97
67.00 735.47
67.50 729.18
68.00 717.33
68.50 731.98
69.00 740.67
69.50 695.10
70.00 721.50
70.50 710.52
71.00 726.58
71.50 723.00
72.00 728.91
72.50 769.94
73.00 723.17
73.50 659.20
74.00 695.98
74.50 722.42
75.00 755.57
75.50 737.49
76.00 727.35
76.50 704.14
77.00 724.37
77.50 755.40
78.00 711.55
78.50 717.58
79.00 705.81
79.50 781.59
80.00 768.24
80.50 777.19
81.00 710.34
81.50 728.55
82.00 677.63
82.50 777.40
83.00 734.38
83.50 721.56
84.00 761.07
84.50 752.59
85.00 724.31
85.50 713.20
86.00 773.10
86.50 740.23
87.00 720.01
87.50 773.85
88.00 712.99
88.50 726.99
89.00 694.81
89.50 767.89
90.00 720.10
90.50 726.80
91.00 753.85
91.50 665.29
92.00 759.34
92.50 771.66
93.00 694.72
93.50 705.75
94.00 759.20
94.50 759.02
95.00 736.14
95.50 711.33
96.00 767.21
96.50 758.27
97.00 729.60
97.50 729.40
98.00 777.95
98.50 722.62
99.00 767.38
99.50 724.80
100.00 728.44
100.50 765.63
101.00 713.30
101.50 721.61
102.00 754.86
102.50 693.59
103.00 787.49
103.50 776.30
104.00 767.39
104.50 746.80
105.00 803.46
105.50 778.92
106.00 742.29
106.50 746.93
107.00 745.18
107.50 704.67
108.00 757.70
108.50 896.99
109.00 704.48
109.50 692.99
110.00 728.85
110.50 702.57
111.00 736.40
111.50 706.61
112.00 634.03
112.50 697.80
113.00 692.64
113.50 730.83
114.00 704.35
114.50 510.94
115.00 710.67
115.50 900.00
116.00 687.59
116.50 811.22
117.00 716.01
117.50 755.50
118.00 799.14
118.50 715.07
119.00 862.05
119.50 822.79
120.00 741.20
120.50 113.28
121.00 416.69
121.50 702.01
122.00 857.16
122.50 674.13
123.00 738.87
123.50 699.84
124.00 700.66
124.50 706.85
125.00 809.83
125.50 784.55
126.00 718.39
126.50 685.74
127.00 705.42
127.50 691.85
128.00 759.05
128.50 695.93
129.00 493.82
129.50 698.47
130.00 708.51
130.50 686.18
131.00 729.49
131.50 773.76
132.00 707.68
132.50 789.52
133.00 744.35
133.50 697.47
134.00 887.77
134.50 730.87
135.00 884.44
135.50 783.31
136.00 832.65
136.50 739.88
137.00 715.06
137.50 683.47
138.00 762.16
138.50 709.71
139.00 711.93
139.50 768.33
140.00 866.90
140.50 900.00
141.00 692.13
141.50 728.39
142.00 702.67
142.50 900.00
143.00 89.93
143.50 66.55
144.00 0.02
144.50 0.02
145.00 0.00
145.50 712.37
146.00 735.22
146.50 526.14
147.00 770.84
147.50 168.12
148.00 627.29
148.50 662.64
149.00 585.89
149.50 717.51
150.00 749.44
150.50 755.28
151.00 773.07
151.50 753.03
152.00 156.77
152.50 46.83
153.00 530.13
153.50 759.25
154.00 266.84
154.50 0.00
155.00 136.50
155.50 0.01
156.00 16.90
156.50 126.78
157.00 0.01
157.50 0.01
158.00 0.00
158.50 875.02
159.00 845.05
159.50 856.04
160.00 716.92
160.50 757.90
161.00 821.54
161.50 843.59
162.00 862.02
162.50 844.54
163.00 803.57
163.50 849.08
164.00 0.00
164.50 394.99
165.00 49.89
165.50 546.50
166.00 436.66
166.50 763.04
167.00 711.68
167.50 153.76
168.00 59.29
168.50 774.53
169.00 719.97
169.50 806.04
170.00 637.53
170.50 760.46
171.00 778.13
171.50 814.00
172.00 849.00
172.50 822.99
173.00 537.61
173.50 105.55
174.00 0.01
174.50 343.81
175.00 115.81
175.50 714.54
176.00 660.54
176.50 477.88
177.00 514.14
177.50 715.64
178.00 363.21
178.50 619.92
179.00 795.22
179.50 804.27
180.00 690.04
180.50 223.07
181.00 214.38
181.50 365.02
182.00 682.93
182.50 0.00
183.00 0.00
183.50 406.45
184.00 427.77
184.50 812.47
185.00 761.07
185.50 690.55
186.00 752.02
186.50 716.74
187.00 855.86
187.50 825.03
188.00 678.04
188.50 711.86
189.00 769.90
189.50 840.75
190.00 900.00
190.50 900.00
191.00 764.14
191.50 771.12
192.00 714.83
192.50 695.41
193.00 729.02
193.50 671.81
194.00 768.73
194.50 531.35
195.00 762.26
195.50 829.48
196.00 778.69
196.50 51.03
197.00 801.48
197.50 814.03
198.00 829.73
198.50 756.36
199.00 72.80
199.50 0.00
200.00 625.96
200.50 508.47
201.00 0.00
201.50 63.68
202.00 94.42
202.50 467.71
203.00 768.68
203.50 742.16
204.00 882.17
204.50 846.10
205.00 0.00
205.50 0.02
206.00 231.11
206.50 181.61
207.00 366.34
207.50 439.26
208.00 867.78
208.50 84.01
209.00 496.67
209.50 287.14
210.00 0.01
210.50 0.00
211.00 0.00
211.50 0.01
212.00 112.11
212.50 0.00
213.00 0.03
213.50 19.67
214.00 58.54
214.50 160.57
215.00 0.00
215.50 882.25
216.00 826.17
216.50 847.13
217.00 743.96
217.50 698.58
218.00 790.29
218.50 265.71
219.00 440.02
219.50 344.70
220.00 727.10
220.50 699.61
221.00 706.43
221.50 96.12
222.00 86.52
222.50 589.86
223.00 724.41
223.50 722.99
224.00 700.42
224.50 717.35
225.00 641.63
225.50 829.99
226.00 785.98
226.50 352.14
227.00 545.30
227.50 663.84
228.00 818.53
228.50 826.58
229.00 831.06
229.50 670.38
230.00 703.93
230.50 684.62
231.00 703.62
231.50 678.98
232.00 724.68
232.50 678.50
233.00 766.15
233.50 742.44
234.00 724.95
234.50 738.23
235.00 751.77
235.50 725.13
236.00 774.72
236.50 726.37
237.00 755.77
237.50 729.46
238.00 729.05
238.50 699.10
239.00 768.14
239.50 721.04
240.00 742.58
240.50 729.39
241.00 758.11
241.50 757.78
242.00 691.03
242.50 772.73
243.00 696.25
243.50 762.25
244.00 691.17
244.50 698.34
245.00 731.96
245.50 815.47
246.00 720.74
246.50 749.11
247.00 761.06
247.50 724.92
248.00 782.66
248.50 701.13
249.00 688.39
249.50 750.88
250.00 720.09
250.50 722.73
251.00 731.73
251.50 747.93
252.00 782.89
252.50 758.48
253.00 702.88
253.50 788.38
254.00 763.39
254.50 759.45
255.00 703.49
255.50 659.50
256.00 719.56
256.50 169.48
257.00 675.69
257.50 694.30
258.00 195.62
258.50 556.59
259.00 731.71
259.50 88.30
260.00 625.10
260.50 737.77
261.00 622.53
261.50 741.77
262.00 732.26
262.50 690.63
263.00 831.58
263.50 579.11
264.00 706.96
264.50 702.50
265.00 728.90
265.50 684.98
266.00 489.68
266.50 722.92
267.00 717.73
267.50 770.48
268.00 732.12
268.50 855.94
269.00 779.27
269.50 762.85
270.00 801.74
270.50 712.64
271.00 805.39
271.50 657.76
272.00 769.28
272.50 820.75
273.00 81.43
273.50 706.89
274.00 704.45
274.50 888.15
275.00 689.54
275.50 530.51
276.00 765.97
276.50 805.18
277.00 700.56
277.50 696.02
278.00 749.61
278.50 670.24
279.00 700.66
279.50 888.10
280.00 570.36
280.50 477.15
281.00 687.04
281.50 755.93
282.00 708.69
282.50 662.91
283.00 731.87
283.50 705.08
284.00 708.61
284.50 723.64
285.00 811.89
285.50 696.68
286.00 709.15
286.50 775.08
287.00 889.28
287.50 732.50
288.00 717.51
288.50 801.52
289.00 727.14
289.50 726.28
290.00 711.79
290.50 724.74
291.00 706.37
291.50 720.96
292.00 757.46
292.50 736.05
293.00 757.25
293.50 748.90
294.00 696.01
294.50 756.31
295.00 743.69
295.50 720.16
296.00 787.84
296.50 770.56
297.00 717.00
297.50 723.97
298.00 732.80
298.50 721.96
299.00 722.35
299.50 385.39
