0.00 864.69
0.50 113.37
1.00 667.12
1.50 558.79
2.00 0.00
2.50 0.02
3.00 0.00
3.50 835.30
4.00 759.62
4.50 741.17
5.00 606.53
5.50 736.04
6.00 765.23
6.50 752.32
7.00 727.26
7.50 155.54
8.00 92.97
8.50 528.17
9.00 565.61
9.50 693.80
10.00 725.46
10.50 743.93
11.00 658.59
11.50 120.41
12.00 0.00
12.50 262.13
13.00 376.36
13.50 844.77
14.00 847.89
14.50 817.44
15.00 849.06
15.50 819.25
16.00 737.34
16.50 740.11
17.00 757.13
17.50 423.03
18.00 583.25
18.50 813.75
19.00 843.81
19.50 857.61
20.00 852.42
20.50 50.36
21.00 663.08
21.50 454.53
22.00 666.45
22.50 636.07
23.00 172.67
23.50 720.28
24.00 808.62
24.50 756.37
25.00 833.69
25.50 866.71
26.00 849.71
26.50 708.69
27.00 737.47
27.50 743.04
28.00 856.52
28.50 181.43
29.00 899.62
29.50 157.34
30.00 81.84
30.50 62.63
31.00 0.00
31.50 0.00
32.00 344.29
32.50 696.55
33.00 731.70
33.50 753.51
34.00 837.59
34.50 734.87
35.00 752.75
35.50 793.36
36.00 743.59
36.50 846.06
37.00 0.00
37.50 0.00
38.00 773.80
38.50 69.50
39.00 143.54
39.50 0.00
40.00 528.90
40.50 725.00
41.00 800.36
41.50 831.26
42.00 777.61
42.50 729.32
43.00 544.44
43.50 729.29
44.00 715.29
44.50 335.65
45.00 766.11
45.50 793.38
46.00 209.00
46.50 204.61
47.00 242.93
47.50 690.03
48.00 0.00
48.50 0.00
49.00 0.00
49.50 286.71
50.00 122.84
50.50 482.76
51.00 745.49
51.50 722.41
52.00 788.14
52.50 576.61
53.00 702.83
53.50 373.06
54.00 549.11
54.50 757.38
55.00 723.31
55.50 669.64
56.00 457.60
56.50 637.06
57.00 671.78
57.50 716.04
58.00 145.74
58.50 641.00
59.00 719.41
59.50 686.14
60.00 801.83
60.50 707.72
61.00 703.04
61.50 662.70
62.00 726.57
62.50 706.47
63.00 486.96
63.50 463.86
64.00 796.92
64.50 751.82
65.00 708.16
65.50 537.10
66.00 849.52
66.50 730.93
67.00 719.45
67.50 763.11
68.00 707.70
68.50 694.98
69.00 851.93
69.50 718.85
70.00 720.51
70.50 680.73
71.00 85.89
71.50 880.06
72.00 713.92
72.50 900.00
73.00 759.76
73.50 693.45
74.00 516.21
74.50 693.19
75.00 662.67
75.50 683.76
76.00 716.74
76.50 761.60
77.00 784.88
77.50 34.94
78.00 690.21
78.50 685.69
79.00 863.36
79.50 825.76
80.00 749.15
80.50 729.38
81.00 727.58
81.50 835.59
82.00 833.49
82.50 654.91
83.00 703.89
83.50 789.29
84.00 832.99
84.50 828.70
85.00 808.21
85.50 390.62
86.00 745.35
86.50 831.17
87.00 784.77
87.50 705.38
88.00 308.64
88.50 592.55
89.00 721.49
89.50 854.21
90.00 794.10
90.50 731.37
91.00 852.87
91.50 745.41
92.00 710.40
92.50 900.00
93.00 767.92
93.50 753.64
94.00 699.08
94.50 750.81
95.00 688.89
95.50 723.36
96.00 711.49
96.50 701.98
97.00 848.30
97.50 702.47
98.00 776.07
98.50 706.06
99.00 745.15
99.50 758.98
100.00 759.74
100.50 731.61
101.00 593.32
101.50 740.36
102.00 767.44
102.50 708.55
103.00 787.42
103.50 765.54
104.00 687.16
104.50 688.09
105.00 777.18
105.50 866.83
106.00 866.83
106.50 742.21
107.00 821.19
107.50 675.56
108.00 745.65
108.50 701.90
109.00 833.82
109.50 712.08
110.00 699.05
110.50 166.41
111.00 720.34
111.50 710.20
112.00 815.94
112.50 698.61
113.00 769.41
113.50 701.09
114.00 733.62
114.50 681.35
115.00 870.05
115.50 680.49
116.00 530.45
116.50 605.36
117.00 691.30
117.50 714.61
118.00 810.62
118.50 703.70
119.00 694.24
119.50 89.69
120.00 464.76
120.50 528.57
121.00 174.34
121.50 117.62
122.00 0.02
122.50 0.00
123.00 0.00
123.50 743.85
124.00 830.08
124.50 839.97
125.00 835.95
125.50 856.12
126.00 852.37
126.50 799.64
127.00 822.24
127.50 822.94
128.00 37.31
128.50 220.94
129.00 122.54
129.50 185.67
130.00 0.01
130.50 0.00
131.00 0.00
131.50 0.02
132.00 0.00
132.50 442.02
133.00 106.77
133.50 46.38
134.00 0.00
134.50 0.00
135.00 0.00
135.50 0.00
136.00 0.00
136.50 0.00
137.00 0.00
137.50 0.01
138.00 828.80
138.50 834.20
139.00 862.94
139.50 830.68
140.00 834.90
140.50 848.02
141.00 838.53
141.50 850.69
142.00 827.62
142.50 845.64
143.00 753.36
143.50 718.26
144.00 771.65
144.50 506.27
145.00 319.52
145.50 739.92
146.00 311.56
146.50 706.21
147.00 371.97
147.50 285.01
148.00 405.57
148.50 151.66
149.00 761.68
149.50 713.89
150.00 697.03
150.50 738.74
151.00 463.84
151.50 774.14
152.00 768.44
152.50 796.07
153.00 542.75
153.50 701.44
154.00 637.65
154.50 233.44
155.00 474.27
155.50 775.12
156.00 839.15
156.50 593.08
157.00 594.12
157.50 646.99
158.00 723.15
158.50 725.42
159.00 763.49
159.50 0.00
160.00 0.00
160.50 0.01
161.00 0.02
161.50 492.98
162.00 721.96
162.50 824.88
163.00 856.42
163.50 863.97
164.00 876.60
164.50 858.05
165.00 138.90
165.50 100.60
166.00 220.85
166.50 768.19
167.00 692.04
167.50 731.85
168.00 743.93
168.50 108.01
169.00 0.01
169.50 0.00
170.00 127.86
170.50 136.52
171.00 99.40
171.50 83.02
172.00 472.79
172.50 729.60
173.00 809.73
173.50 442.29
174.00 363.11
174.50 206.73
175.00 713.59
175.50 857.03
176.00 410.45
176.50 416.87
177.00 0.00
177.50 0.04
178.00 0.00
178.50 0.00
179.00 0.02
179.50 0.00
180.00 0.01
180.50 99.50
181.00 611.40
181.50 551.32
182.00 0.00
182.50 615.95
183.00 771.86
183.50 716.59
184.00 739.16
184.50 730.04
185.00 775.27
185.50 825.79
186.00 849.59
186.50 833.10
187.00 844.02
187.50 849.96
188.00 835.68
188.50 714.41
189.00 737.31
189.50 469.50
190.00 842.79
190.50 824.95
191.00 844.89
191.50 730.63
192.00 740.81
192.50 769.58
193.00 810.88
193.50 470.96
194.00 188.05
194.50 746.70
195.00 716.69
195.50 204.27
196.00 751.48
196.50 825.18
197.00 700.78
197.50 728.55
198.00 707.99
198.50 695.87
199.00 673.25
199.50 707.24
200.00 704.52
200.50 776.68
201.00 708.83
201.50 704.92
202.00 696.70
202.50 756.64
203.00 781.81
203.50 749.41
204.00 740.96
204.50 702.41
205.00 348.50
205.50 776.65
206.00 816.64
206.50 670.20
207.00 697.84
207.50 733.54
208.00 711.49
208.50 866.54
209.00 829.02
209.50 590.17
210.00 838.01
210.50 709.06
211.00 826.26
211.50 834.73
212.00 893.23
212.50 789.73
213.00 707.69
213.50 697.09
214.00 743.63
214.50 672.90
215.00 703.87
215.50 755.25
216.00 765.41
216.50 719.79
217.00 684.58
217.50 743.15
218.00 710.57
218.50 742.06
219.00 796.62
219.50 822.40
220.00 692.28
220.50 705.44
221.00 675.20
221.50 714.79
222.00 689.83
222.50 180.37
223.00 752.16
223.50 777.77
224.00 699.03
224.50 739.60
225.00 769.64
225.50 705.97
226.00 401.46
226.50 732.15
227.00 813.41
227.50 722.43
228.00 712.21
228.50 157.38
229.00 659.20
229.50 824.74
230.00 508.21
230.50 681.72
231.00 680.47
231.50 703.95
232.00 687.01
232.50 696.26
233.00 718.27
233.50 679.73
234.00 609.78
234.50 706.57
235.00 703.64
235.50 701.42
236.00 700.31
236.50 748.40
237.00 736.38
237.50 742.68
238.00 777.36
238.50 738.42
239.00 732.30
239.50 739.36
240.00 719.08
240.50 731.49
241.00 807.36
241.50 789.14
242.00 832.04
242.50 682.70
243.00 756.68
243.50 794.98
244.00 690.97
244.50 342.97
245.00 678.04
245.50 680.54
246.00 695.82
246.50 788.48
247.00 754.58
247.50 713.98
248.00 711.82
248.50 796.37
249.00 853.92
249.50 853.27
250.00 725.53
250.50 732.87
251.00 848.07
251.50 809.92
252.00 692.97
252.50 478.81
253.00 505.73
253.50 748.86
254.00 701.89
254.50 703.42
255.00 843.15
255.50 880.64
256.00 900.00
256.50 715.03
257.00 721.30
257.50 734.48
258.00 781.85
258.50 702.20
259.00 687.06
259.50 689.67
260.00 716.20
260.50 714.66
261.00 815.77
261.50 545.00
262.00 858.15
262.50 733.51
263.00 697.68
263.50 703.69
264.00 883.44
264.50 711.91
265.00 666.97
265.50 702.03
266.00 625.00
266.50 632.53
267.00 822.22
267.50 714.31
268.00 700.70
268.50 553.01
269.00 661.91
269.50 711.26
270.00 740.97
270.50 123.73
271.00 828.86
271.50 741.89
272.00 720.26
272.50 704.99
273.00 876.13
273.50 713.44
274.00 713.41
274.50 717.57
275.00 814.81
275.50 724.81
276.00 821.54
276.50 689.65
277.00 717.62
277.50 685.25
278.00 690.05
278.50 740.96
279.00 684.92
279.50 775.27
280.00 682.07
280.50 697.43
281.00 720.56
281.50 829.40
282.00 722.75
282.50 707.43
283.00 520.72
283.50 821.13
284.00 857.31
284.50 580.45
285.00 527.76
285.50 520.61
286.00 723.40
286.50 842.68
287.00 427.15
287.50 725.94
288.00 661.66
288.50 0.00
289.00 216.59
289.50 641.05
290.00 21.25
290.50 457.82
291.00 760.41
291.50 762.22
292.00 751.35
292.50 709.07
293.00 710.12
293.50 715.83
294.00 736.81
294.50 692.79
295.00 735.70
295.50 708.89
296.00 786.14
296.50 684.78
297.00 680.20
297.50 617.59
298.00 701.86
298.50 299.45
299.00 801.07
299.50 709.72
