0.00 826.70
0.50 701.69
1.00 723.95
1.50 303.04
2.00 0.00
2.50 89.69
3.00 31.46
3.50 395.99
4.00 709.24
4.50 768.65
5.00 853.21
5.50 803.21
6.00 742.63
6.50 32.22
7.00 589.88
7.50 174.80
8.00 598.83
8.50 415.93
9.00 369.23
9.50 718.18
10.00 170.04
10.50 469.24
11.00 548.22
11.50 347.49
12.00 148.57
12.50 461.83
13.00 753.28
13.50 712.58
14.00 184.53
14.50 308.80
15.00 859.43
15.50 767.00
16.00 735.44
16.50 12.31
17.00 752.18
17.50 737.15
18.00 766.32
18.50 414.11
19.00 233.46
19.50 23.64
20.00 20.32
20.50 154.80
21.00 98.91
21.50 96.34
22.00 0.01
22.50 0.00
23.00 0.00
23.50 0.00
24.00 152.07
24.50 789.74
25.00 769.82
25.50 582.47
26.00 102.53
26.50 546.48
27.00 702.79
27.50 711.20
28.00 866.79
28.50 766.18
29.00 732.54
29.50 710.54
30.00 701.33
30.50 676.37
31.00 710.64
31.50 674.22
32.00 683.43
32.50 778.26
33.00 696.99
33.50 790.35
34.00 729.58
34.50 643.10
35.00 687.13
35.50 690.84
36.00 686.69
36.50 760.74
37.00 803.38
37.50 782.61
38.00 442.87
38.50 643.81
39.00 704.42
39.50 784.39
40.00 888.16
40.50 672.20
41.00 834.45
41.50 792.55
42.00 824.80
42.50 718.86
43.00 691.32
43.50 842.10
44.00 714.58
44.50 745.77
45.00 684.44
45.50 716.76
46.00 745.21
46.50 806.64
47.00 686.74
47.50 807.79
48.00 673.99
48.50 636.96
49.00 738.31
49.50 732.47
50.00 608.53
50.50 809.48
51.00 637.29
51.50 716.86
52.00 708.39
52.50 728.50
53.00 679.72
53.50 708.58
54.00 632.99
54.50 790.49
55.00 714.36
55.50 684.06
56.00 721.60
56.50 873.98
57.00 764.25
57.50 830.70
58.00 364.52
58.50 557.39
59.00 692.83
59.50 700.25
60.00 751.54
60.50 709.97
61.00 685.28
61.50 677.64
62.00 712.19
62.50 698.42
63.00 707.91
63.50 800.75
64.00 734.74
64.50 828.73
65.00 735.59
65.50 706.25
66.00 776.14
66.50 701.17
67.00 99.90
67.50 591.57
68.00 833.81
68.50 705.73
69.00 680.10
69.50 711.34
70.00 845.28
70.50 748.56
71.00 840.18
71.50 837.90
72.00 843.58
72.50 842.43
73.00 742.15
73.50 731.36
74.00 722.79
74.50 756.69
75.00 735.49
75.50 699.35
76.00 715.11
76.50 762.44
77.00 755.69
77.50 736.29
78.00 764.42
78.50 764.98
79.00 710.07
79.50 740.82
80.00 782.48
80.50 695.35
81.00 656.41
81.50 699.24
82.00 732.07
82.50 722.95
83.00 682.94
83.50 712.66
84.00 734.43
84.50 799.03
85.00 745.29
85.50 730.11
86.00 723.67
86.50 732.84
87.00 715.41
87.50 740.68
88.00 747.20
88.50 741.29
89.00 741.25
89.50 717.62
90.00 689.80
90.50 727.06
91.00 710.76
91.50 696.24
92.00 722.50
92.50 710.09
93.00 731.29
93.50 780.50
94.00 707.00
94.50 739.24
95.00 721.18
95.50 793.24
96.00 731.10
96.50 867.43
97.00 848.96
97.50 867.66
98.00 750.88
98.50 678.44
99.00 767.05
99.50 780.26
100.00 703.35
100.50 805.85
101.00 674.45
101.50 709.43
102.00 688.30
102.50 700.18
103.00 658.92
103.50 139.31
104.00 684.69
104.50 677.56
105.00 770.79
105.50 751.36
106.00 741.39
106.50 757.67
107.00 687.75
107.50 754.25
108.00 422.45
108.50 485.72
109.00 718.84
109.50 875.78
110.00 852.14
110.50 672.04
111.00 0.00
111.50 716.26
112.00 725.58
112.50 671.10
113.00 725.27
113.50 739.45
114.00 710.22
114.50 677.63
115.00 708.09
115.50 702.77
116.00 836.91
116.50 697.59
117.00 737.72
117.50 601.44
118.00 857.99
118.50 719.71
119.00 718.20
119.50 705.56
120.00 788.64
120.50 715.02
121.00 698.73
121.50 716.60
122.00 739.77
122.50 709.43
123.00 696.32
123.50 771.55
124.00 680.42
124.50 701.79
125.00 841.39
125.50 688.94
126.00 691.37
126.50 523.24
127.00 712.62
127.50 838.40
128.00 763.16
128.50 829.09
129.00 754.54
129.50 742.93
130.00 711.24
130.50 602.28
131.00 744.11
131.50 743.99
132.00 868.72
132.50 722.11
133.00 878.53
133.50 717.14
134.00 685.20
134.50 678.41
135.00 786.97
135.50 668.89
136.00 717.00
136.50 692.56
137.00 0.02
137.50 900.00
138.00 372.70
138.50 800.39
139.00 383.92
139.50 367.36
140.00 0.00
140.50 0.00
141.00 0.00
141.50 522.82
142.00 364.95
142.50 735.24
143.00 685.14
143.50 63.29
144.00 345.03
144.50 853.63
145.00 862.67
145.50 829.36
146.00 821.31
146.50 697.44
147.00 667.13
147.50 147.90
148.00 807.40
148.50 776.24
149.00 733.49
149.50 706.50
150.00 800.13
150.50 786.81
151.00 668.94
151.50 729.74
152.00 857.03
152.50 831.64
153.00 844.54
153.50 855.25
154.00 839.34
154.50 291.33
155.00 695.05
155.50 900.00
156.00 886.39
156.50 695.98
157.00 703.52
157.50 866.80
158.00 702.06
158.50 735.67
159.00 686.59
159.50 751.84
160.00 700.82
160.50 586.66
161.00 701.47
161.50 699.20
162.00 712.02
162.50 734.10
163.00 808.49
163.50 796.03
164.00 690.13
164.50 872.22
165.00 546.10
165.50 759.40
166.00 690.31
166.50 849.77
167.00 713.99
167.50 730.56
168.00 821.87
168.50 793.64
169.00 659.68
169.50 672.15
170.00 690.93
170.50 692.48
171.00 342.54
171.50 707.28
172.00 780.36
172.50 713.01
173.00 677.63
173.50 731.00
174.00 400.11
174.50 647.37
175.00 692.12
175.50 715.28
176.00 573.69
176.50 663.16
177.00 728.33
177.50 730.87
178.00 807.01
178.50 823.57
179.00 829.34
179.50 726.80
180.00 664.34
180.50 678.22
181.00 811.20
181.50 759.85
182.00 687.95
182.50 716.42
183.00 692.73
183.50 784.17
184.00 726.82
184.50 774.71
185.00 668.94
185.50 708.67
186.00 721.15
186.50 709.81
187.00 838.32
187.50 698.38
188.00 713.24
188.50 848.83
189.00 713.34
189.50 794.24
190.00 747.54
190.50 733.74
191.00 722.81
191.50 725.94
192.00 731.70
192.50 725.80
193.00 712.77
193.50 726.20
194.00 716.85
194.50 740.14
195.00 753.93
195.50 749.78
196.00 748.72
196.50 683.50
197.00 762.52
197.50 710.65
198.00 748.03
198.50 764.10
199.00 804.33
199.50 736.69
200.00 724.22
200.50 727.63
201.00 760.56
201.50 763.48
202.00 725.78
202.50 744.36
203.00 728.27
203.50 728.70
204.00 763.31
204.50 710.16
205.00 752.00
205.50 774.81
206.00 713.24
206.50 747.44
207.00 742.91
207.50 681.12
208.00 722.26
208.50 771.96
209.00 731.57
209.50 739.19
210.00 793.34
210.50 715.71
211.00 714.35
211.50 694.84
212.00 721.64
212.50 716.06
213.00 714.33
213.50 753.76
214.00 733.33
214.50 709.30
215.00 729.49
215.50 770.63
216.00 753.09
216.50 745.10
217.00 789.80
217.50 715.75
218.00 726.03
218.50 753.49
219.00 704.61
219.50 751.13
220.00 720.56
220.50 739.69
221.00 722.43
221.50 712.93
222.00 822.55
222.50 833.89
223.00 830.70
223.50 604.58
224.00 456.52
224.50 126.63
225.00 740.46
225.50 793.59
226.00 657.12
226.50 846.35
227.00 843.88
227.50 0.00
228.00 0.01
228.50 706.76
229.00 135.18
229.50 45.79
230.00 438.86
230.50 595.10
231.00 88.61
231.50 619.44
232.00 746.81
232.50 729.16
233.00 795.34
233.50 632.85
234.00 849.16
234.50 693.67
235.00 722.60
235.50 778.55
236.00 720.94
236.50 705.42
237.00 855.76
237.50 828.26
238.00 746.46
238.50 692.56
239.00 624.77
239.50 215.89
240.00 763.73
240.50 822.04
241.00 844.68
241.50 91.93
242.00 700.24
242.50 496.47
243.00 509.11
243.50 740.65
244.00 777.51
244.50 747.79
245.00 752.71
245.50 682.71
246.00 792.73
246.50 704.02
247.00 661.02
247.50 773.13
248.00 748.85
248.50 732.03
249.00 756.01
249.50 726.35
250.00 729.31
250.50 719.90
251.00 718.36
251.50 722.41
252.00 729.75
252.50 709.93
253.00 758.18
253.50 754.14
254.00 759.25
254.50 740.68
255.00 718.30
255.50 725.91
256.00 772.22
256.50 721.40
257.00 677.38
257.50 725.31
258.00 693.76
258.50 718.11
259.00 741.21
259.50 733.19
260.00 736.04
260.50 705.69
261.00 736.48
261.50 720.35
262.00 688.78
262.50 746.49
263.00 767.15
263.50 769.51
264.00 750.07
264.50 763.69
265.00 758.72
265.50 716.28
266.00 729.43
266.50 743.26
267.00 731.84
267.50 725.58
268.00 739.64
268.50 699.26
269.00 720.72
269.50 706.67
270.00 738.14
270.50 741.58
271.00 750.09
271.50 737.71
272.00 853.75
272.50 697.86
273.00 776.79
273.50 757.66
274.00 772.32
274.50 738.40
275.00 729.05
275.50 768.55
276.00 712.96
276.50 717.58
277.00 729.27
277.50 712.38
278.00 378.73
278.50 654.94
279.00 665.44
279.50 523.98
280.00 622.51
280.50 494.86
281.00 900.00
281.50 791.94
282.00 863.09
282.50 706.74
283.00 712.16
283.50 757.78
284.00 701.34
284.50 723.35
285.00 704.46
285.50 713.83
286.00 410.96
286.50 729.45
287.00 0.00
287.50 518.74
288.00 710.82
288.50 733.08
289.00 736.73
289.50 514.98
290.00 553.55
290.50 858.10
291.00 831.15
291.50 724.18
292.00 743.01
292.50 745.22
293.00 783.52
293.50 703.16
294.00 815.63
294.50 670.27
295.00 823.81
295.50 797.81
296.00 812.11
296.50 803.18
297.00 723.93
297.50 738.26
298.00 763.75
298.50 845.41
299.00 836.28
299.50 656.37
