0.00 0.00
0.50 0.00
1.00 0.00
1.50 678.69
2.00 480.12
2.50 739.83
3.00 92.11
3.50 497.22
4.00 712.12
4.50 745.56
5.00 82.57
5.50 89.17
6.00 31.73
6.50 109.49
7.00 0.01
7.50 405.86
8.00 338.33
8.50 87.09
9.00 93.95
9.50 239.22
10.00 746.95
10.50 859.82
11.00 820.19
11.50 831.93
12.00 849.56
12.50 857.41
13.00 845.82
13.50 659.93
14.00 783.02
14.50 722.79
15.00 695.37
15.50 763.16
16.00 839.06
16.50 697.75
17.00 706.53
17.50 678.00
18.00 718.13
18.50 786.70
19.00 859.17
19.50 696.78
20.00 703.31
20.50 698.37
21.00 86.50
21.50 595.79
22.00 682.97
22.50 166.78
23.00 746.37
23.50 173.35
24.00 585.23
24.50 731.36
25.00 718.26
25.50 694.70
26.00 689.29
26.50 749.60
27.00 712.65
27.50 831.79
28.00 509.96
28.50 701.37
29.00 705.65
29.50 844.02
30.00 728.56
30.50 727.38
31.00 685.19
31.50 736.03
32.00 694.38
32.50 680.25
33.00 703.42
33.50 751.96
34.00 681.72
34.50 720.50
35.00 738.38
35.50 825.08
36.00 779.67
36.50 809.21
37.00 684.53
37.50 685.87
38.00 699.81
38.50 719.70
39.00 790.21
39.50 777.38
40.00 689.82
40.50 810.15
41.00 867.29
41.50 716.34
42.00 766.15
42.50 867.47
43.00 876.98
43.50 845.65
44.00 871.38
44.50 832.42
45.00 819.58
45.50 870.86
46.00 862.72
46.50 838.74
47.00 842.99
47.50 852.81
48.00 0.00
48.50 0.01
49.00 781.62
49.50 726.92
50.00 713.31
50.50 879.96
51.00 767.25
51.50 815.87
52.00 865.24
52.50 49.54
53.00 493.56
53.50 578.26
54.00 455.77
54.50 736.63
55.00 614.06
55.50 695.84
56.00 761.57
56.50 470.78
57.00 49.13
57.50 13.71
58.00 181.03
58.50 296.96
59.00 700.13
59.50 752.20
60.00 721.53
60.50 843.76
61.00 125.49
61.50 113.92
62.00 593.78
62.50 373.92
63.00 742.38
63.50 833.56
64.00 682.29
64.50 824.81
65.00 860.16
65.50 300.70
66.00 772.15
66.50 861.27
67.00 853.14
67.50 868.75
68.00 853.86
68.50 664.64
69.00 724.37
69.50 734.43
70.00 773.43
70.50 625.82
71.00 133.09
71.50 230.22
72.00 698.14
72.50 534.30
73.00 894.30
73.50 879.46
74.00 687.00
74.50 718.94
75.00 684.81
75.50 402.88
76.00 583.27
76.50 565.69
77.00 824.47
77.50 719.94
78.00 784.85
78.50 773.85
79.00 830.96
79.50 679.00
80.00 716.21
80.50 794.68
81.00 762.38
81.50 699.14
82.00 707.47
82.50 681.95
83.00 694.20
83.50 347.66
84.00 632.40
84.50 696.04
85.00 697.84
85.50 707.33
86.00 416.96
86.50 722.11
87.00 741.14
87.50 726.50
88.00 738.04
88.50 734.11
89.00 689.27
89.50 863.37
90.00 643.25
90.50 663.96
91.00 848.61
91.50 717.72
92.00 721.59
92.50 864.86
93.00 760.65
93.50 735.16
94.00 835.95
94.50 886.72
95.00 773.09
95.50 686.02
96.00 680.80
96.50 759.12
97.00 435.82
97.50 751.88
98.00 704.84
98.50 705.35
99.00 732.02
99.50 695.03
100.00 708.71
100.50 575.07
101.00 679.09
101.50 707.83
102.00 704.23
102.50 195.47
103.00 599.53
103.50 568.61
104.00 689.89
104.50 777.72
105.00 750.83
105.50 544.46
106.00 752.64
106.50 714.80
107.00 806.18
107.50 849.62
108.00 778.50
108.50 897.84
109.00 680.34
109.50 477.86
110.00 552.44
110.50 584.16
111.00 702.12
111.50 895.98
112.00 733.55
112.50 706.46
113.00 678.25
113.50 727.16
114.00 714.96
114.50 733.76
115.00 731.86
115.50 780.90
116.00 753.36
116.50 709.37
117.00 679.01
117.50 727.05
118.00 807.52
118.50 755.21
119.00 739.58
119.50 763.08
120.00 742.62
120.50 732.86
121.00 703.96
121.50 726.78
122.00 715.57
122.50 705.99
123.00 712.27
123.50 740.31
124.00 733.62
124.50 751.38
125.00 694.75
125.50 733.43
126.00 766.07
126.50 758.94
127.00 738.74
127.50 721.52
128.00 669.86
128.50 793.90
129.00 721.28
129.50 750.18
130.00 750.88
130.50 772.76
131.00 671.96
131.50 720.12
132.00 689.97
132.50 756.57
133.00 707.68
133.50 721.07
134.00 801.78
134.50 702.28
135.00 690.20
135.50 787.32
136.00 732.48
136.50 783.90
137.00 727.87
137.50 752.23
138.00 721.01
138.50 763.79
139.00 767.61
139.50 726.76
140.00 750.11
140.50 757.66
141.00 716.09
141.50 732.89
142.00 759.39
142.50 818.18
143.00 757.02
143.50 734.17
144.00 738.47
144.50 701.78
145.00 727.11
145.50 728.66
146.00 716.55
146.50 701.44
147.00 731.48
147.50 741.20
148.00 717.07
148.50 688.24
149.00 778.18
149.50 750.73
150.00 763.85
150.50 768.07
151.00 711.87
151.50 719.54
152.00 741.26
152.50 758.93
153.00 745.99
153.50 701.46
154.00 713.92
154.50 730.16
155.00 705.31
155.50 732.49
156.00 760.65
156.50 701.59
157.00 755.77
157.50 688.01
158.00 762.63
158.50 767.82
159.00 693.98
159.50 753.32
160.00 737.22
160.50 806.62
161.00 703.95
161.50 739.02
162.00 807.91
162.50 739.06
163.00 740.63
163.50 741.66
164.00 751.75
164.50 772.20
165.00 722.82
165.50 785.64
166.00 735.72
166.50 831.86
167.00 842.11
167.50 855.41
168.00 868.50
168.50 822.42
169.00 868.34
169.50 825.59
170.00 844.25
170.50 836.46
171.00 839.04
171.50 861.28
172.00 705.14
172.50 708.06
173.00 376.48
173.50 482.01
174.00 699.70
174.50 674.20
175.00 132.26
175.50 0.00
176.00 15.18
176.50 15.29
177.00 465.23
177.50 384.86
178.00 721.64
178.50 715.45
179.00 772.06
179.50 688.62
180.00 731.26
180.50 759.90
181.00 735.77
181.50 724.24
182.00 728.43
182.50 841.69
183.00 732.42
183.50 681.37
184.00 736.93
184.50 754.12
185.00 744.92
185.50 740.89
186.00 727.08
186.50 768.18
187.00 763.35
187.50 673.79
188.00 759.71
188.50 715.62
189.00 719.33
189.50 725.22
190.00 716.01
190.50 736.20
191.00 698.08
191.50 751.43
192.00 736.00
192.50 775.96
193.00 797.33
193.50 800.32
194.00 707.64
194.50 730.98
195.00 682.50
195.50 799.94
196.00 761.92
196.50 703.39
197.00 731.29
197.50 719.93
198.00 847.94
198.50 779.23
199.00 871.71
199.50 712.71
200.00 753.46
200.50 819.39
201.00 728.83
201.50 837.04
202.00 0.00
202.50 638.21
203.00 672.00
203.50 712.43
204.00 715.77
204.50 701.56
205.00 740.35
205.50 784.61
206.00 700.09
206.50 827.51
207.00 710.76
207.50 808.61
208.00 697.14
208.50 734.05
209.00 727.88
209.50 631.80
210.00 878.83
210.50 751.71
211.00 767.83
211.50 743.09
212.00 802.54
212.50 869.12
213.00 412.15
213.50 674.93
214.00 682.58
214.50 818.27
215.00 744.87
215.50 830.46
216.00 675.37
216.50 705.94
217.00 725.23
217.50 696.95
218.00 705.11
218.50 729.29
219.00 795.25
219.50 680.19
220.00 505.84
220.50 839.01
221.00 186.52
221.50 682.20
222.00 718.29
222.50 843.05
223.00 767.91
223.50 695.12
224.00 694.42
224.50 577.58
225.00 834.11
225.50 826.45
226.00 848.57
226.50 687.60
227.00 781.47
227.50 690.42
228.00 842.99
228.50 707.07
229.00 834.42
229.50 680.55
230.00 669.73
230.50 715.93
231.00 660.33
231.50 732.57
232.00 717.25
232.50 718.68
233.00 809.47
233.50 673.26
234.00 716.52
234.50 732.28
235.00 718.93
235.50 697.02
236.00 715.92
236.50 745.13
237.00 712.57
237.50 745.04
238.00 779.11
238.50 743.40
239.00 758.67
239.50 778.52
240.00 676.26
240.50 454.43
241.00 658.34
241.50 699.66
242.00 778.14
242.50 529.01
243.00 840.04
243.50 718.59
244.00 70.66
244.50 0.00
245.00 0.00
245.50 0.02
246.00 0.00
246.50 322.83
247.00 366.19
247.50 550.63
248.00 750.08
248.50 848.73
249.00 788.26
249.50 711.39
250.00 738.95
250.50 516.86
251.00 0.00
251.50 0.02
252.00 0.00
252.50 0.00
253.00 0.00
253.50 67.21
254.00 34.15
254.50 381.54
255.00 751.05
255.50 774.15
256.00 728.64
256.50 739.77
257.00 658.04
257.50 701.39
258.00 736.56
258.50 862.97
259.00 821.72
259.50 833.29
260.00 858.57
260.50 892.20
261.00 802.38
261.50 833.95
262.00 819.57
262.50 718.34
263.00 759.05
263.50 675.68
264.00 676.16
264.50 722.19
265.00 716.62
265.50 742.94
266.00 738.20
266.50 747.98
267.00 792.92
267.50 780.18
268.00 757.71
268.50 777.08
269.00 769.84
269.50 722.33
270.00 677.39
270.50 646.20
271.00 821.26
271.50 723.34
272.00 673.73
272.50 700.39
273.00 747.60
273.50 751.19
274.00 700.68
274.50 711.09
275.00 805.92
275.50 690.23
276.00 702.88
276.50 693.62
277.00 712.43
277.50 552.16
278.00 724.58
278.50 126.21
279.00 513.75
279.50 701.29
280.00 703.22
280.50 677.52
281.00 677.93
281.50 735.51
282.00 700.32
282.50 0.00
283.00 0.00
283.50 126.21
284.00 540.13
284.50 302.61
285.00 82.67
285.50 860.16
286.00 862.22
286.50 769.15
287.00 851.67
287.50 828.02
288.00 0.00
288.50 0.01
289.00 0.00
289.50 0.01
290.00 0.00
290.50 93.29
291.00 597.43
291.50 709.51
292.00 724.88
292.50 809.14
293.00 705.69
293.50 740.96
294.00 703.65
294.50 700.49
295.00 637.88
295.50 709.67
296.00 800.07
296.50 712.59
297.00 710.58
297.50 717.47
298.00 697.01
298.50 655.78
299.00 784.46
299.50 752.91
