0.00 853.44
0.50 441.00
1.00 431.09
1.50 779.83
2.00 721.42
2.50 824.97
3.00 844.93
3.50 816.65
4.00 849.02
4.50 882.14
5.00 829.95
5.50 832.15
6.00 690.84
6.50 716.00
7.00 731.66
7.50 744.57
8.00 786.70
8.50 726.31
9.00 741.81
9.50 727.01
10.00 0.00
10.50 110.01
11.00 0.00
11.50 0.04
12.00 0.00
12.50 0.00
13.00 0.00
13.50 846.68
14.00 843.26
14.50 850.45
15.00 866.03
15.50 819.32
16.00 831.81
16.50 839.18
17.00 739.87
17.50 0.01
18.00 412.69
18.50 22.92
19.00 728.49
19.50 146.37
20.00 556.77
20.50 469.37
21.00 0.00
21.50 0.02
22.00 0.01
22.50 0.00
23.00 0.01
23.50 566.57
24.00 693.70
24.50 828.96
25.00 797.50
25.50 865.07
26.00 842.60
26.50 843.93
27.00 740.27
27.50 0.00
28.00 0.00
28.50 0.00
29.00 0.01
29.50 0.00
30.00 800.12
30.50 848.85
31.00 864.92
31.50 840.90
32.00 850.58
32.50 622.39
33.00 842.07
33.50 867.12
34.00 822.23
34.50 842.65
35.00 885.97
35.50 823.17
36.00 810.31
36.50 205.39
37.00 0.00
37.50 0.03
38.00 0.03
38.50 0.02
39.00 0.02
39.50 810.72
40.00 769.79
40.50 753.49
41.00 739.20
41.50 696.09
42.00 737.11
42.50 691.41
43.00 716.88
43.50 0.05
44.00 0.02
44.50 0.01
45.00 900.00
45.50 1.99
46.00 93.90
46.50 0.00
47.00 174.94
47.50 764.98
48.00 731.91
48.50 757.62
49.00 771.31
49.50 700.03
50.00 723.82
50.50 728.85
51.00 659.42
51.50 777.32
52.00 774.29
52.50 727.38
53.00 767.93
53.50 720.41
54.00 745.94
54.50 708.32
55.00 760.49
55.50 761.84
56.00 732.91
56.50 769.87
57.00 736.87
57.50 697.37
58.00 732.21
58.50 806.48
59.00 715.10
59.50 745.12
60.00 670.37
60.50 768.23
61.00 722.33
61.50 743.81
62.00 684.94
62.50 747.51
63.00 771.87
63.50 754.55
64.00 728.05
64.50 739.70
65.00 773.28
65.50 745.38
66.00 752.17
66.50 779.57
67.00 740.63
67.50 745.97
68.00 788.03
68.50 747.94
69.00 759.78
69.50 731.02
70.00 681.23
70.50 735.69
71.00 706.84
71.50 696.87
72.00 760.06
72.50 653.25
73.00 716.65
73.50 730.14
74.00 782.80
74.50 710.27
75.00 734.25
75.50 742.16
76.00 702.29
76.50 731.86
77.00 730.85
77.50 795.02
78.00 763.88
78.50 766.72
79.00 756.84
79.50 772.17
80.00 743.78
80.50 750.91
81.00 742.55
81.50 757.91
82.00 770.17
82.50 702.10
83.00 720.81
83.50 711.93
84.00 707.85
84.50 756.31
85.00 754.84
85.50 757.20
86.00 710.93
86.50 696.30
87.00 727.33
87.50 731.26
88.00 742.42
88.50 800.00
89.00 718.56
89.50 686.08
90.00 716.58
90.50 727.11
91.00 765.70
91.50 714.50
92.00 768.05
92.50 685.43
93.00 748.38
93.50 726.13
94.00 736.73
94.50 752.97
95.00 756.33
95.50 705.06
96.00 740.04
96.50 723.39
97.00 741.20
97.50 733.00
98.00 713.35
98.50 723.99
99.00 754.78
99.50 729.95
100.00 679.51
100.50 703.53
101.00 738.65
101.50 766.53
102.00 634.13
102.50 704.10
103.00 745.00
103.50 682.32
104.00 675.42
104.50 43.24
105.00 108.67
105.50 783.31
106.00 90.02
106.50 565.87
107.00 507.94
107.50 837.76
108.00 725.64
108.50 90.30
109.00 369.37
109.50 754.87
110.00 698.35
110.50 735.26
111.00 757.74
111.50 768.04
112.00 700.96
112.50 741.60
113.00 701.97
113.50 754.23
114.00 725.26
114.50 722.43
115.00 681.49
115.50 723.43
116.00 708.50
116.50 773.65
117.00 817.07
117.50 762.33
118.00 775.35
118.50 668.22
119.00 766.06
119.50 696.80
120.00 679.27
120.50 718.43
121.00 722.89
121.50 705.06
122.00 695.95
122.50 773.37
123.00 833.19
123.50 746.61
124.00 706.29
124.50 690.66
125.00 781.57
125.50 728.72
126.00 665.31
126.50 717.61
127.00 745.02
127.50 716.02
128.00 731.38
128.50 770.78
129.00 735.98
129.50 761.93
130.00 768.78
130.50 784.47
131.00 800.23
131.50 776.60
132.00 758.33
132.50 780.07
133.00 664.12
133.50 790.63
134.00 754.07
134.50 730.35
135.00 738.25
135.50 708.09
136.00 788.86
136.50 707.22
137.00 752.00
137.50 721.68
138.00 768.58
138.50 726.33
139.00 692.45
139.50 778.64
140.00 769.79
140.50 657.84
141.00 686.64
141.50 709.32
142.00 684.67
142.50 714.88
143.00 701.04
143.50 744.27
144.00 750.11
144.50 744.12
145.00 749.59
145.50 738.10
146.00 736.37
146.50 805.68
147.00 722.36
147.50 722.33
148.00 745.03
148.50 723.34
149.00 717.09
149.50 715.76
150.00 663.04
150.50 737.14
151.00 686.71
151.50 773.86
152.00 765.74
152.50 740.89
153.00 697.93
153.50 727.09
154.00 697.58
154.50 718.81
155.00 735.38
155.50 744.21
156.00 720.89
156.50 774.25
157.00 762.83
157.50 731.40
158.00 783.31
158.50 747.94
159.00 792.74
159.50 754.44
160.00 756.35
160.50 734.84
161.00 725.62
161.50 743.07
162.00 769.02
162.50 707.17
163.00 734.91
163.50 734.95
164.00 724.77
164.50 762.20
165.00 783.07
165.50 688.43
166.00 768.80
166.50 780.05
167.00 682.77
167.50 701.95
168.00 683.64
168.50 756.45
169.00 691.25
169.50 717.25
170.00 760.31
170.50 709.36
171.00 768.82
171.50 739.90
172.00 690.18
172.50 696.50
173.00 655.94
173.50 726.26
174.00 688.74
174.50 722.16
175.00 833.71
175.50 720.11
176.00 714.41
176.50 773.10
177.00 736.92
177.50 730.04
178.00 698.48
178.50 760.60
179.00 690.83
179.50 749.42
180.00 805.89
180.50 798.22
181.00 746.34
181.50 780.71
182.00 798.65
182.50 771.18
183.00 732.11
183.50 687.19
184.00 776.09
184.50 730.23
185.00 693.91
185.50 739.36
186.00 754.32
186.50 715.39
187.00 741.25
187.50 719.39
188.00 718.91
188.50 728.41
189.00 727.85
189.50 753.15
190.00 725.73
190.50 793.99
191.00 760.56
191.50 714.71
192.00 688.93
192.50 719.64
193.00 752.92
193.50 740.09
194.00 719.97
194.50 753.46
195.00 760.90
195.50 721.03
196.00 755.95
196.50 734.23
197.00 753.63
197.50 787.66
198.00 758.73
198.50 718.08
199.00 749.13
199.50 778.71
200.00 759.30
200.50 776.14
201.00 772.63
201.50 710.83
202.00 737.28
202.50 776.69
203.00 695.29
203.50 788.57
204.00 720.26
204.50 748.36
205.00 738.79
205.50 697.79
206.00 738.45
206.50 731.94
207.00 694.30
207.50 758.89
208.00 759.19
208.50 725.08
209.00 716.29
209.50 785.96
210.00 722.79
210.50 766.50
211.00 714.95
211.50 733.73
212.00 825.20
212.50 741.40
213.00 756.57
213.50 771.08
214.00 746.56
214.50 742.37
215.00 727.17
215.50 784.31
216.00 733.04
216.50 664.84
217.00 725.68
217.50 713.00
218.00 809.63
218.50 744.00
219.00 751.76
219.50 782.10
220.00 715.72
220.50 845.76
221.00 699.64
221.50 711.68
222.00 694.85
222.50 692.53
223.00 696.50
223.50 761.96
224.00 787.64
224.50 735.69
225.00 789.02
225.50 856.60
226.00 862.00
226.50 859.91
227.00 751.73
227.50 805.25
228.00 841.44
228.50 739.49
229.00 542.86
229.50 774.35
230.00 751.14
230.50 800.47
231.00 275.07
231.50 475.20
232.00 758.79
232.50 895.61
233.00 766.84
233.50 770.75
234.00 687.97
234.50 750.76
235.00 738.13
235.50 723.50
236.00 787.94
236.50 686.66
237.00 741.11
237.50 686.66
238.00 752.83
238.50 792.44
239.00 724.90
239.50 781.00
240.00 766.48
240.50 757.30
241.00 765.29
241.50 636.38
242.00 702.80
242.50 772.76
243.00 707.54
243.50 711.46
244.00 596.80
244.50 714.99
245.00 738.97
245.50 718.10
246.00 690.13
246.50 710.69
247.00 724.58
247.50 900.00
248.00 546.55
248.50 771.49
249.00 786.29
249.50 715.34
250.00 713.09
250.50 0.00
251.00 0.04
251.50 0.00
252.00 0.00
252.50 0.00
253.00 0.01
253.50 131.25
254.00 0.00
254.50 0.01
255.00 0.00
255.50 0.00
256.00 620.50
256.50 682.39
257.00 0.00
257.50 0.00
258.00 0.00
258.50 97.98
259.00 463.49
259.50 527.84
260.00 466.45
260.50 0.01
261.00 0.00
261.50 523.01
262.00 26.39
262.50 121.67
263.00 579.95
263.50 773.68
264.00 770.90
264.50 571.59
265.00 723.71
265.50 686.21
266.00 552.47
266.50 788.32
267.00 666.46
267.50 743.40
268.00 746.46
268.50 0.00
269.00 593.14
269.50 0.00
270.00 813.93
270.50 0.00
271.00 0.03
271.50 532.73
272.00 779.27
272.50 120.26
273.00 193.31
273.50 175.31
274.00 347.58
274.50 787.76
275.00 674.17
275.50 745.59
276.00 281.82
276.50 136.69
277.00 589.34
277.50 511.82
278.00 726.26
278.50 720.34
279.00 707.25
279.50 123.72
280.00 640.18
280.50 703.04
281.00 733.77
281.50 816.99
282.00 848.79
282.50 814.89
283.00 851.52
283.50 727.17
284.00 506.20
284.50 778.34
285.00 692.35
285.50 636.35
286.00 64.89
286.50 555.50
287.00 0.00
287.50 0.03
288.00 0.01
288.50 0.00
289.00 177.64
289.50 531.85
290.00 734.62
290.50 738.92
291.00 777.19
291.50 707.29
292.00 744.28
292.50 718.66
293.00 721.98
293.50 776.52
294.00 735.41
294.50 703.67
295.00 726.51
295.50 702.94
296.00 700.62
296.50 721.76
297.00 759.38
297.50 749.62
298.00 730.39
298.50 695.00
299.00 702.69
299.50 735.28
