459.22
482.15
401.90
714.81
141.67
0.00
18.93
816.16
661.20
380.15
768.00
709.82
684.73
735.52
714.33
744.84
751.19
760.14
738.66
749.20
720.12
677.05
788.50
659.78
725.50
690.90
735.29
749.79
735.25
758.13
745.93
763.89
732.76
736.90
781.36
780.99
766.21
768.34
708.46
713.56
725.90
707.26
722.81
699.43
703.59
745.83
785.32
724.95
717.16
744.57
724.12
756.75
710.95
760.39
753.54
739.09
718.08
722.39
749.39
717.15
716.52
717.97
806.14
700.24
739.88
753.65
632.20
755.81
737.61
775.37
710.44
773.22
709.62
720.83
715.74
764.90
774.18
757.54
721.32
745.19
764.75
752.86
726.28
725.14
756.43
732.17
801.10
731.39
745.57
766.28
756.14
694.96
736.82
763.53
781.06
744.82
731.20
739.75
708.61
727.63
717.47
755.44
719.77
736.47
730.79
784.94
737.62
691.73
770.19
732.37
726.47
728.47
767.71
693.25
761.13
712.43
778.78
746.95
754.35
705.97
676.19
768.09
766.05
717.54
695.27
707.32
754.66
765.98
727.88
702.68
679.14
761.54
788.78
726.39
762.05
731.13
683.92
763.46
775.12
682.19
750.91
725.08
777.16
698.63
714.56
732.08
710.10
741.78
739.87
736.37
738.34
743.27
717.71
718.00
670.49
697.20
712.39
800.18
707.19
745.62
719.49
730.21
748.34
762.17
662.12
698.62
718.45
754.35
690.37
698.76
717.02
729.38
769.76
785.28
760.09
730.86
657.83
750.92
701.84
684.57
721.96
739.26
773.77
667.89
720.74
751.53
707.07
691.78
726.86
706.11
724.66
755.88
683.38
735.72
757.77
693.71
695.34
682.97
711.31
746.95
723.91
755.75
716.93
782.99
713.67
650.89
752.05
700.03
748.21
749.68
697.20
693.25
737.20
729.15
742.56
747.62
755.73
736.49
771.71
725.97
671.34
709.42
777.20
751.68
723.32
756.11
699.28
769.80
741.08
717.57
784.03
732.49
695.95
707.52
691.41
767.28
753.35
797.24
730.03
715.20
788.72
727.57
718.51
729.90
716.64
741.32
744.54
688.80
749.48
733.87
734.33
692.49
712.53
726.56
755.08
732.32
717.71
765.08
744.53
722.20
716.35
794.01
732.97
778.65
775.20
697.70
722.77
740.97
793.97
739.84
748.98
739.05
710.16
737.82
705.07
700.89
715.52
733.97
755.10
645.65
744.25
757.53
708.45
705.55
743.62
692.54
704.27
800.12
746.66
714.71
755.34
756.37
704.45
785.25
738.72
751.48
741.59
721.02
732.47
713.44
741.13
704.58
680.78
776.80
708.00
731.70
752.50
706.11
697.10
706.37
708.29
728.62
787.63
759.41
729.24
719.79
740.20
718.36
709.25
757.84
714.93
789.70
758.09
782.14
743.58
713.72
779.38
761.66
721.50
749.66
742.70
723.45
738.44
743.42
745.73
687.95
684.43
712.30
711.71
731.75
739.80
698.17
725.87
689.67
772.76
758.22
832.24
796.44
793.08
819.38
814.56
781.27
673.41
730.23
731.73
728.81
816.32
808.97
722.68
723.27
731.79
781.09
735.25
752.57
762.27
717.00
790.06
703.68
716.67
716.58
758.62
746.62
728.18
741.95
830.95
786.83
775.86
683.57
787.46
786.55
847.08
731.44
646.51
538.43
837.70
707.38
721.78
673.62
689.34
718.20
738.84
848.83
753.11
813.39
701.87
724.70
711.09
473.65
677.05
698.11
715.96
709.61
848.26
852.18
725.86
677.95
757.26
699.61
710.08
771.07
726.98
753.87
699.02
750.96
733.13
747.82
690.32
801.97
772.86
697.98
766.50
702.90
713.48
823.57
713.01
701.77
564.55
437.69
669.74
841.54
803.26
666.29
711.58
682.37
751.28
824.80
738.10
842.03
710.51
360.53
762.46
686.71
720.61
715.37
698.75
572.91
683.63
695.18
727.10
682.05
654.06
704.32
682.62
663.51
694.46
682.21
699.74
806.41
347.36
687.02
846.46
735.59
769.37
693.36
545.07
900.00
720.57
709.71
718.66
681.06
711.03
693.01
707.70
735.67
654.31
694.98
717.47
440.84
724.72
729.02
695.73
798.55
798.88
707.84
711.00
861.11
783.05
691.80
44.41
865.79
769.91
717.06
694.34
724.14
750.74
465.16
508.74
700.78
833.25
805.84
813.18
242.86
649.04
764.62
814.80
702.01
697.35
696.51
712.06
713.52
703.37
718.89
477.86
714.45
722.32
780.70
697.63
813.30
752.15
807.86
675.78
876.02
694.02
817.29
885.95
803.89
408.89
693.12
722.88
698.51
704.22
702.07
710.80
848.41
825.77
716.38
719.22
740.31
736.05
694.78
701.33
706.53
762.67
725.11
715.29
731.45
771.31
723.10
758.50
744.67
760.04
743.95
795.70
759.50
690.44
789.92
796.53
758.07
743.97
770.11
667.52
725.51
705.81
711.14
713.49
745.92
717.02
690.25
717.99
714.40
738.86
712.07
770.95
719.28
700.18
665.32
759.58
725.03
752.37
783.14
714.35
702.02
690.34
768.26
789.11
716.43
756.84
673.94
707.26
715.54
696.25
783.37
715.20
768.66
728.76
764.26
756.11
672.97
721.48
721.24
