0.01
0.00
0.00
0.01
0.00
0.00
0.00
34.15
535.72
407.68
770.29
827.34
102.77
82.62
729.33
715.23
321.20
736.75
814.41
717.58
716.55
693.84
745.84
733.22
800.67
824.94
736.08
741.54
774.10
753.16
666.82
768.98
756.17
769.84
682.33
733.99
678.21
717.94
713.36
768.83
685.04
732.60
772.82
712.96
736.06
764.59
792.21
700.21
794.71
755.28
732.10
671.97
747.82
721.84
714.06
795.95
712.72
759.03
746.55
704.55
695.87
711.42
727.96
704.59
754.37
737.57
768.69
747.19
731.48
736.79
754.13
762.21
699.79
736.54
750.08
754.61
761.43
714.98
725.07
733.46
761.26
735.32
745.68
741.79
713.83
749.21
701.09
703.37
730.22
805.73
766.10
674.23
709.22
710.04
788.23
747.79
667.31
735.39
776.49
730.85
717.03
705.53
710.44
708.44
764.51
724.49
770.39
736.16
762.93
717.52
796.69
692.13
726.41
718.56
715.16
713.67
723.39
728.17
703.95
755.64
743.09
715.86
728.49
730.39
707.19
676.78
703.32
717.98
390.54
196.64
130.15
43.71
94.16
195.04
0.00
518.48
601.75
525.61
771.67
0.01
0.00
574.61
572.79
76.60
0.00
828.52
858.58
195.07
532.30
768.24
720.86
751.29
762.49
713.51
718.50
773.92
687.74
651.17
103.22
749.63
861.78
830.82
796.66
847.63
826.30
796.99
748.38
289.24
900.00
571.53
473.50
102.28
467.68
558.00
245.82
76.74
139.83
0.00
159.32
160.75
176.51
161.77
332.03
472.13
767.45
833.62
0.00
0.00
0.02
0.00
0.00
0.01
0.00
136.75
189.52
0.01
644.30
719.36
718.12
786.29
764.17
851.50
710.45
699.04
756.08
683.28
530.11
786.23
684.70
811.25
724.42
481.22
762.86
827.34
900.00
739.93
719.86
759.27
725.33
760.05
702.04
732.84
810.37
696.85
663.75
719.19
170.85
627.63
705.62
709.21
772.93
698.94
718.03
479.42
690.48
694.26
707.42
404.02
703.58
720.36
674.50
745.62
255.33
396.95
708.63
40.08
731.63
738.45
878.82
707.44
804.23
712.62
750.87
783.08
771.45
784.25
753.60
735.17
674.14
698.64
711.98
685.59
887.99
523.58
720.40
691.04
678.88
747.60
761.76
725.90
705.47
724.71
744.94
719.01
677.92
690.91
736.33
779.98
729.07
739.19
730.91
734.26
751.65
778.37
739.75
754.85
771.24
711.34
704.89
779.03
753.24
730.77
731.67
672.21
728.11
741.77
749.36
728.56
715.58
726.55
719.19
777.41
766.03
694.81
703.29
741.58
745.51
733.98
725.27
693.14
695.66
743.95
811.93
744.49
730.55
727.61
731.68
769.96
664.72
656.33
773.09
794.16
701.00
0.00
0.01
140.13
108.79
630.99
742.30
403.45
717.76
680.67
522.25
563.36
0.00
94.74
475.28
32.76
71.51
576.95
461.07
692.89
800.97
864.89
857.32
853.88
765.91
749.04
701.32
744.04
730.41
829.30
841.60
855.55
877.11
706.03
825.80
870.73
721.81
683.09
780.36
719.41
710.80
727.46
737.07
706.85
743.86
743.34
723.20
755.71
763.70
723.18
716.48
734.04
731.73
763.12
750.68
734.29
731.44
739.97
766.15
696.66
764.12
715.00
739.02
717.69
746.10
711.36
728.59
699.96
740.22
715.81
756.89
736.71
715.04
679.13
759.70
789.77
750.93
686.08
708.15
700.85
715.92
770.15
713.07
699.17
756.84
436.94
683.32
724.06
709.80
726.38
802.66
815.28
868.25
706.55
587.22
644.57
708.90
706.72
730.66
718.84
424.07
694.87
712.30
717.82
833.27
855.48
473.32
293.00
570.69
743.76
750.18
811.76
683.38
829.89
708.36
890.90
464.17
780.34
747.16
726.46
707.58
697.74
681.34
715.05
862.78
696.76
818.75
721.41
900.00
716.00
695.24
856.62
688.82
687.99
687.27
746.26
703.61
709.08
750.53
296.54
544.78
736.08
635.06
787.37
803.51
677.93
712.36
693.20
712.58
665.11
696.50
612.01
738.92
696.33
692.83
721.55
745.27
635.98
677.13
657.02
690.58
505.84
752.68
670.19
679.98
772.28
646.50
667.09
756.12
704.61
796.67
829.06
837.58
707.43
739.93
719.58
722.68
690.90
693.26
715.90
695.35
505.57
807.14
703.89
900.00
778.70
671.99
617.40
728.73
811.00
861.25
841.60
799.94
843.99
792.98
728.25
541.03
729.78
832.58
727.83
823.31
806.13
704.62
846.52
691.87
655.95
820.82
702.61
686.84
706.32
679.40
725.66
644.28
700.44
704.07
737.54
715.52
609.00
544.17
744.34
706.56
822.18
879.22
712.21
694.74
691.22
708.46
704.43
313.79
497.44
688.80
678.63
656.18
481.10
716.31
762.94
787.13
720.06
571.05
237.55
520.86
672.70
480.95
224.86
801.08
74.45
847.19
0.00
0.00
413.77
668.61
687.56
54.92
99.00
597.86
787.12
156.37
653.18
857.28
751.96
675.25
84.35
77.16
80.17
88.79
99.54
114.89
665.36
0.00
0.00
0.00
82.41
394.57
502.79
553.14
745.38
715.09
195.79
