0.01
0.00
0.02
0.00
68.48
0.01
746.76
706.15
368.83
500.39
745.43
750.55
746.50
689.47
745.88
253.48
62.25
44.39
407.06
774.99
774.88
319.82
824.64
844.96
767.95
762.29
724.73
720.77
692.24
842.22
845.25
736.15
719.20
743.57
877.85
0.00
356.35
612.52
484.42
728.40
833.92
885.91
835.68
713.59
12.77
0.03
0.04
0.01
94.33
494.85
718.77
707.66
742.92
756.25
728.00
683.86
789.36
0.00
770.70
731.84
825.91
680.21
832.60
731.81
753.38
582.39
0.01
0.00
9.33
165.06
463.05
652.87
561.49
531.12
692.35
0.00
60.78
15.06
704.99
858.10
733.07
868.19
793.01
690.34
696.93
695.21
759.10
729.46
688.99
752.93
701.78
709.16
815.12
779.47
719.50
364.79
599.74
702.11
716.61
718.53
689.74
665.21
710.88
750.45
425.69
663.01
765.89
868.47
759.70
695.36
847.35
726.66
900.00
744.50
702.59
703.23
721.82
804.75
749.64
686.94
623.65
687.80
718.76
482.84
681.81
808.07
736.30
821.36
703.66
676.34
701.79
587.28
840.44
707.97
759.70
742.64
527.96
786.88
312.02
429.16
676.96
729.86
725.76
779.54
747.83
828.94
694.66
762.75
649.84
253.00
0.02
553.13
109.34
42.24
0.00
334.76
0.00
45.08
0.00
731.63
758.94
818.04
699.70
715.53
733.87
726.18
728.95
766.84
747.20
743.89
723.78
765.67
746.15
734.32
744.82
737.26
656.75
704.74
745.08
677.48
706.84
709.05
694.25
704.34
741.01
764.00
716.57
729.68
754.44
700.50
748.00
695.96
726.61
772.94
737.71
736.95
738.93
735.02
707.19
745.32
710.36
737.25
741.83
746.40
779.09
666.11
746.66
732.16
773.65
679.02
736.26
721.06
639.80
743.04
750.06
699.23
749.90
746.09
750.46
711.77
742.23
729.86
681.43
801.99
678.81
741.41
677.95
714.30
737.17
786.91
742.89
751.23
806.35
385.92
29.96
664.61
734.02
694.57
745.99
531.63
168.75
0.00
169.51
822.20
831.71
853.38
842.83
836.21
863.78
698.07
762.49
802.06
719.88
772.79
758.09
868.72
843.90
825.10
263.59
169.18
533.40
741.41
732.30
759.36
685.84
707.85
721.19
722.72
706.40
702.56
209.01
546.59
475.55
335.95
347.13
240.98
122.92
0.00
0.02
801.32
852.98
824.10
841.25
829.16
882.11
637.25
857.30
843.94
611.58
470.76
425.23
746.00
712.17
0.00
0.00
613.23
474.12
730.55
776.30
883.24
834.85
851.64
858.24
297.01
0.00
0.01
0.00
568.52
42.30
0.00
0.00
0.00
107.07
601.25
495.09
667.18
770.89
253.37
480.36
488.55
868.76
849.33
744.23
692.60
845.50
719.08
73.18
472.23
754.00
671.96
733.64
874.87
861.44
874.00
857.79
867.58
821.70
869.17
745.98
521.05
780.52
696.95
768.38
746.69
750.78
803.29
559.90
806.80
741.58
738.31
792.80
778.40
765.77
775.02
611.78
780.13
821.42
662.12
701.72
667.20
715.11
894.14
706.66
900.00
697.91
698.15
745.22
676.37
510.67
727.46
688.39
693.52
810.05
809.98
748.11
714.68
727.96
768.79
769.35
738.68
756.65
756.62
709.02
738.66
739.41
702.10
756.41
686.02
719.81
734.01
738.28
738.70
702.22
686.90
742.74
687.98
788.94
702.22
719.47
729.15
742.75
730.26
720.14
734.88
696.90
748.79
661.86
742.66
695.96
745.06
743.51
717.01
758.59
739.51
703.39
722.96
697.40
803.49
749.21
764.50
736.54
659.58
776.66
716.81
729.94
740.67
772.82
749.70
747.41
667.94
703.77
781.86
756.97
760.92
780.68
732.34
715.23
716.44
713.53
784.51
683.86
752.05
721.46
714.35
742.79
771.57
724.47
654.20
758.48
741.57
718.92
725.68
687.48
752.45
713.87
730.42
715.89
696.91
727.87
734.86
762.64
703.45
725.53
735.55
750.08
718.17
751.33
747.24
724.24
746.51
743.63
752.11
753.86
740.34
759.46
741.31
727.88
743.39
719.80
713.09
780.33
728.48
706.95
742.34
754.22
781.31
730.42
711.35
708.27
745.97
752.09
713.54
751.52
777.08
715.19
699.37
705.70
697.24
723.81
712.17
215.17
603.62
522.26
770.28
733.06
717.43
713.05
733.94
733.10
699.09
752.13
641.21
845.81
716.51
720.62
847.75
712.96
805.08
697.05
429.50
485.24
718.55
689.12
700.50
836.26
678.05
576.12
158.12
685.71
748.24
720.24
697.76
814.67
697.19
727.30
842.88
783.66
848.37
808.90
787.71
793.07
696.19
717.66
731.63
682.75
715.67
743.48
695.17
715.09
767.22
711.85
771.52
706.86
677.18
752.05
784.23
654.47
734.05
792.54
729.40
714.11
738.53
749.75
772.46
690.57
737.06
766.21
726.25
707.81
764.29
751.08
677.40
702.14
706.69
755.97
741.99
764.44
758.54
693.51
748.36
716.58
747.68
820.18
689.40
726.02
794.58
749.71
688.73
720.65
718.40
710.07
737.73
681.33
713.23
741.94
725.10
735.00
672.65
731.70
754.99
