432.33
440.27
451.71
698.40
443.14
124.60
0.00
0.01
0.00
0.00
1.06
759.50
736.75
717.16
772.17
745.38
0.00
125.09
443.21
23.46
69.21
487.39
765.41
775.43
716.83
719.36
759.44
675.05
684.36
748.01
708.34
721.21
715.54
722.33
724.16
716.07
701.37
726.37
724.35
735.40
705.10
775.40
709.33
789.08
730.98
672.41
704.59
688.67
824.77
717.39
776.16
737.82
733.76
740.92
768.93
783.51
748.15
742.28
737.19
771.96
739.49
758.17
743.13
730.44
713.34
739.95
743.04
719.16
712.08
715.20
698.99
736.57
714.75
707.57
722.94
745.47
725.63
762.32
767.22
680.03
747.85
701.53
702.93
712.03
729.50
734.49
698.95
761.20
758.79
802.11
731.20
713.38
783.36
749.01
761.03
699.69
697.40
711.35
698.22
748.85
754.83
712.07
719.05
756.61
746.69
749.53
742.75
705.19
751.51
774.37
692.54
760.06
764.05
718.97
749.29
755.19
722.38
697.37
736.92
706.91
765.58
721.49
704.67
720.30
755.71
719.33
711.19
739.22
701.45
811.49
752.11
705.27
895.80
824.39
683.63
525.27
698.64
689.73
703.40
673.54
727.82
657.33
746.48
707.74
697.29
646.85
723.96
670.86
695.76
833.58
721.87
711.12
709.96
691.75
755.60
790.83
782.66
722.46
781.17
828.97
711.59
771.38
830.89
759.23
717.56
722.77
378.14
607.08
713.94
790.83
754.67
704.85
726.52
768.44
900.00
769.89
786.09
816.38
636.39
791.42
735.68
868.09
782.94
713.43
673.38
699.43
842.33
792.96
794.17
708.45
882.10
313.21
723.06
692.83
732.11
701.48
831.04
701.16
819.91
708.26
476.61
604.06
717.68
724.63
856.54
718.09
687.31
383.98
732.51
645.61
703.58
722.72
689.04
710.26
708.57
706.23
670.55
709.26
704.07
703.58
746.15
819.94
767.53
729.52
714.38
799.00
713.91
809.42
771.87
438.09
560.20
738.61
704.60
855.64
724.64
697.51
226.86
714.08
735.67
863.55
684.39
826.94
740.84
868.34
722.56
735.68
580.85
778.63
688.96
701.43
702.62
880.09
769.55
429.81
693.37
738.64
708.60
686.61
771.33
682.85
699.17
700.35
718.48
775.64
298.09
550.28
683.13
557.16
711.04
716.74
839.15
810.30
787.10
720.17
714.37
795.87
697.85
619.99
759.65
688.16
825.49
705.74
753.63
694.40
715.71
851.37
660.35
731.42
736.71
687.20
704.44
697.19
784.65
787.90
731.27
671.57
668.34
679.44
730.66
866.56
724.57
717.38
802.41
760.51
715.85
716.62
732.45
728.39
779.20
800.20
627.10
759.22
694.08
711.48
841.63
861.72
756.31
736.62
702.86
733.29
709.16
224.99
557.78
826.16
888.30
713.92
886.31
690.77
712.64
758.05
725.68
804.39
900.00
681.93
528.32
709.85
772.86
699.90
703.65
720.03
793.07
716.62
730.93
0.01
0.00
0.00
593.54
503.32
0.01
0.00
0.00
0.00
363.64
864.89
850.59
847.20
831.01
59.77
0.00
57.69
139.63
36.78
125.49
847.58
843.61
865.95
866.39
835.66
823.33
0.00
0.00
0.00
648.29
0.00
245.94
32.12
778.37
698.51
827.43
853.46
822.68
860.44
822.45
849.33
884.09
681.71
678.68
692.71
687.97
881.01
786.20
816.01
816.30
719.83
711.60
697.60
783.60
791.55
681.65
741.51
674.00
809.11
609.71
771.10
728.95
809.40
803.36
704.54
828.07
694.26
704.97
847.13
713.26
701.26
757.80
573.08
532.84
762.27
819.61
836.73
767.06
734.09
502.51
703.03
437.57
634.47
893.90
800.58
682.62
821.24
857.86
850.94
837.79
839.30
873.80
845.52
871.97
832.13
240.04
396.51
334.70
772.86
870.32
821.59
807.38
840.81
842.11
844.31
706.55
748.88
0.00
174.82
739.66
459.19
751.97
716.65
806.18
724.79
819.00
250.43
45.87
156.97
517.62
688.53
736.35
676.24
0.00
0.01
0.02
0.00
0.00
93.14
612.90
111.54
152.94
447.84
570.35
710.17
0.00
0.00
642.31
687.43
884.69
740.35
743.58
752.71
831.73
764.90
723.92
758.83
759.84
713.87
713.68
707.72
841.21
848.45
813.27
831.44
831.54
841.69
666.66
674.03
0.00
0.00
0.04
0.00
0.00
0.01
900.00
97.79
398.26
809.73
828.53
696.51
686.30
726.19
829.21
857.50
845.63
860.18
781.20
837.39
855.40
818.70
832.33
783.95
0.00
0.00
463.39
732.43
728.01
749.12
764.39
777.19
814.97
833.45
701.61
716.35
743.26
372.85
744.21
403.00
732.36
745.04
688.37
797.75
719.33
90.35
3.07
135.02
0.00
766.18
831.63
520.68
525.85
688.48
584.79
675.52
0.00
540.94
733.03
817.55
838.87
825.38
491.61
728.85
794.56
713.27
89.01
181.75
661.16
0.00
406.97
736.11
836.83
747.98
715.36
721.35
843.28
748.93
716.91
718.77
749.41
732.37
737.64
750.48
719.95
719.17
712.82
742.38
760.32
717.68
680.24
751.65
797.21
753.32
701.66
731.15
724.04
754.79
