114.77
120.84
0.01
0.01
0.00
799.02
754.69
796.83
765.06
748.89
742.84
729.15
763.56
743.56
741.36
780.72
788.57
686.34
672.54
720.64
681.21
784.89
719.30
691.45
659.63
714.24
649.14
768.34
744.78
685.28
727.18
723.56
716.16
749.14
700.79
745.30
723.97
717.23
730.85
728.31
689.54
777.76
680.51
756.69
752.60
699.34
686.06
723.13
720.48
768.42
669.60
712.24
686.31
712.91
710.56
728.96
731.04
672.77
776.57
735.02
779.77
807.24
722.77
782.49
736.14
702.91
759.56
746.15
735.03
753.67
748.16
759.38
752.52
715.46
708.34
756.15
706.86
731.74
751.71
734.63
700.25
702.95
743.35
776.28
691.09
719.56
774.83
781.71
665.71
788.88
700.47
686.82
708.78
744.73
761.72
764.60
766.74
751.97
723.71
726.45
711.51
721.15
724.24
725.95
727.93
734.66
759.26
755.32
765.16
527.36
775.29
698.77
627.40
735.52
825.30
850.10
885.75
835.82
793.32
761.12
706.12
720.02
740.17
754.66
762.66
736.99
777.47
741.45
801.50
702.08
777.31
767.41
763.59
708.07
736.79
705.77
760.14
743.10
746.02
746.39
773.04
755.60
769.44
753.59
702.65
766.97
706.91
748.50
766.68
766.82
763.65
768.64
749.69
811.10
728.76
715.86
684.20
724.69
758.99
762.96
686.15
805.30
792.09
750.99
725.66
716.75
752.81
717.81
671.05
743.18
675.54
716.96
710.94
706.19
705.24
708.29
742.89
672.05
728.95
664.03
716.60
731.73
762.51
0.01
677.45
770.75
202.11
488.66
5.14
0.00
220.53
723.24
737.56
830.11
870.75
701.46
742.02
749.81
771.98
547.98
694.96
851.78
0.00
71.98
155.64
171.87
526.31
740.29
690.05
848.28
0.01
58.82
297.11
208.64
0.00
0.00
0.00
820.45
0.00
0.00
248.21
0.00
0.00
0.03
123.59
0.00
116.05
741.05
191.02
34.65
0.00
0.05
720.21
280.58
867.63
733.57
732.23
699.53
715.65
652.20
95.80
62.24
407.02
707.59
0.00
0.01
602.14
333.37
248.44
0.00
0.00
776.19
768.95
0.03
0.01
589.47
195.04
681.89
501.43
257.34
270.13
189.21
204.49
83.93
337.00
556.99
727.21
730.14
681.98
720.39
856.08
841.80
658.99
742.37
853.14
820.79
859.67
809.75
851.23
0.00
0.00
0.01
0.00
0.01
501.55
660.39
0.00
318.89
114.39
643.50
157.78
839.33
837.40
758.54
734.82
766.58
740.34
685.81
676.50
692.77
776.30
737.51
737.66
754.43
706.74
717.19
723.60
750.48
754.95
700.59
757.87
729.12
787.06
745.02
714.73
749.92
752.51
737.82
714.69
777.77
761.30
757.70
729.35
752.66
725.78
754.05
704.95
742.68
713.89
706.44
719.15
697.57
741.12
727.09
742.13
779.30
713.73
683.82
724.24
732.88
728.07
708.04
724.61
709.50
714.32
674.95
663.81
745.42
759.44
754.14
784.57
688.19
737.95
748.63
750.36
782.05
743.43
749.37
769.99
754.19
690.23
745.74
707.96
732.07
798.91
785.45
732.76
742.75
801.86
756.65
759.81
741.74
791.55
774.18
730.14
751.72
693.31
743.58
773.86
708.34
781.83
752.90
765.42
705.91
774.68
738.95
727.55
656.52
687.07
690.66
703.45
666.82
145.34
596.21
804.96
769.14
810.79
716.57
782.98
846.19
703.46
814.15
718.57
656.06
740.83
714.27
744.30
679.14
566.47
866.04
346.64
640.21
725.82
688.99
742.00
708.53
844.25
218.66
640.35
684.06
699.60
709.46
804.25
721.50
698.29
742.59
702.63
392.37
549.93
816.85
638.94
657.69
742.81
442.24
655.33
727.73
853.38
838.76
635.17
868.80
816.50
870.98
723.47
733.08
727.21
731.78
0.02
104.28
0.00
0.00
0.00
0.00
0.00
0.02
69.17
186.37
711.56
212.65
84.72
89.62
101.79
5.23
28.52
165.23
755.88
630.31
440.34
406.00
710.21
768.78
783.76
747.15
662.57
394.72
592.30
767.84
809.47
723.97
707.04
857.39
785.97
813.62
726.23
715.51
770.08
735.92
809.66
474.27
609.87
794.34
736.80
693.29
759.75
661.89
728.52
763.71
723.47
765.34
687.91
734.81
682.07
754.53
713.01
764.85
726.29
787.96
741.08
748.53
710.87
815.63
773.81
755.04
733.64
728.20
749.11
759.06
757.49
716.68
737.46
757.08
691.61
696.75
727.39
766.36
708.84
717.95
762.46
714.97
690.55
707.21
760.57
669.89
744.34
725.63
698.31
753.39
693.39
733.02
732.34
728.08
755.25
720.79
747.53
746.53
750.87
754.81
779.40
715.92
725.20
773.93
707.28
710.69
757.02
709.45
752.60
740.55
721.03
693.40
755.70
709.80
731.21
751.93
798.11
713.80
736.48
747.32
695.43
728.49
729.68
769.09
728.48
760.73
753.19
789.59
718.47
757.74
743.13
772.82
706.36
733.44
717.06
700.63
729.97
698.70
708.66
773.48
738.31
701.23
725.94
706.68
678.95
799.26
742.20
702.68
736.79
722.12
717.42
700.03
754.37
728.88
