717.90
699.74
472.47
393.13
430.93
778.14
297.61
790.52
841.50
782.90
744.52
717.93
733.11
731.17
777.25
883.70
720.11
408.88
675.06
845.27
394.08
570.13
0.00
0.03
0.02
0.00
676.00
767.15
663.01
783.97
735.13
716.97
698.15
837.51
872.43
834.89
720.73
392.56
432.34
292.35
28.71
624.01
459.54
871.45
837.48
841.34
680.28
871.12
855.44
802.83
853.02
682.26
760.23
778.26
845.44
147.88
111.64
187.57
184.54
118.23
372.67
541.84
445.13
450.30
836.17
792.39
852.67
839.77
837.35
136.34
609.05
586.52
835.60
846.74
75.20
468.68
623.34
0.00
0.00
0.01
0.01
0.00
485.35
778.13
719.69
468.81
475.89
726.76
203.68
0.03
456.75
735.10
749.66
793.38
706.00
772.47
754.94
820.28
835.55
734.54
718.92
758.36
744.25
834.14
869.65
848.48
211.89
547.57
385.63
69.63
0.00
0.00
213.22
478.58
849.71
831.38
831.42
852.09
0.00
0.02
0.01
0.03
0.00
0.00
0.02
838.18
879.55
134.35
479.98
680.28
604.22
770.99
779.15
693.81
610.37
708.63
838.15
854.15
837.28
744.94
24.58
26.05
726.41
245.45
116.23
179.16
0.00
0.01
0.00
256.58
62.34
0.01
608.79
785.95
594.04
607.16
418.65
299.95
768.77
0.00
0.02
0.02
350.02
738.39
739.72
85.04
0.00
521.39
832.12
342.02
235.61
78.28
665.96
0.00
0.02
0.05
0.00
0.00
736.35
823.11
569.61
3.80
426.51
50.23
0.00
0.00
0.03
849.60
870.04
817.62
833.32
847.65
838.37
840.19
844.31
86.87
153.76
581.45
711.59
726.69
848.50
849.74
727.66
833.44
833.76
788.75
723.75
749.19
746.55
764.95
853.50
0.00
0.00
0.00
0.01
0.00
0.02
0.00
0.01
0.00
459.74
482.76
768.07
152.72
83.08
138.30
569.59
673.66
389.21
757.58
735.08
854.43
825.84
838.33
0.00
90.74
900.00
760.32
770.59
467.90
703.80
461.34
754.14
403.16
683.02
689.47
838.20
769.96
670.53
0.00
0.00
0.00
660.38
850.08
821.58
859.24
183.63
86.03
130.35
627.41
607.19
857.28
468.50
595.88
786.45
727.33
466.91
761.04
695.90
88.13
121.10
0.00
0.00
453.70
0.00
0.00
35.14
128.21
33.32
0.02
0.00
0.02
0.02
50.90
0.00
617.51
723.70
847.11
785.61
717.35
734.12
773.46
345.20
695.24
650.80
137.19
511.02
571.02
763.08
641.45
60.07
0.00
857.79
830.72
847.63
871.88
822.34
890.10
722.00
762.85
781.41
0.00
2.38
436.91
418.24
165.47
106.63
819.35
829.94
867.93
847.56
872.71
0.00
0.00
0.00
577.98
482.95
713.32
886.03
826.54
894.61
393.15
406.65
582.91
844.10
824.58
820.95
859.11
856.14
726.26
756.70
737.42
133.49
270.23
745.35
805.21
686.22
747.88
828.27
855.05
881.58
802.57
869.71
863.51
819.43
874.59
728.98
14.62
325.14
546.83
723.52
664.45
297.53
479.12
420.71
753.38
790.35
570.33
528.21
104.85
145.11
215.63
205.14
572.74
0.00
0.01
0.00
0.00
0.00
0.00
0.00
597.14
738.62
734.01
709.41
754.76
749.13
792.06
746.13
751.77
766.78
713.04
730.20
717.47
170.55
603.93
673.29
675.18
851.33
734.03
718.84
655.93
663.08
886.23
781.17
729.32
706.58
713.76
692.18
794.87
856.77
872.69
761.43
482.07
733.94
709.06
732.99
900.00
767.55
704.68
415.82
91.35
129.21
522.57
618.00
759.79
94.07
197.15
0.02
0.00
0.00
729.56
785.45
741.23
758.96
688.89
726.38
734.28
749.58
722.28
752.85
688.70
693.66
720.42
708.19
763.96
667.43
727.96
675.46
703.15
725.60
719.43
716.62
718.26
727.45
699.79
719.11
694.50
699.47
735.48
692.33
752.00
758.64
741.42
753.52
764.52
740.08
752.16
720.44
705.49
729.82
750.72
743.77
788.31
773.01
787.64
723.03
775.36
707.90
703.82
755.50
848.09
706.71
199.70
623.02
749.37
736.24
683.60
721.89
759.67
763.38
756.88
674.30
732.76
740.87
757.78
741.26
711.45
718.71
760.03
799.07
745.02
744.82
747.84
688.25
765.19
656.47
698.29
703.93
724.48
698.94
750.10
754.21
727.94
736.84
674.99
707.81
694.43
789.09
744.98
750.90
721.39
748.95
723.22
764.09
664.48
759.50
739.62
713.71
666.24
735.99
670.47
738.74
704.15
745.74
726.17
698.18
714.50
690.11
732.68
756.61
728.54
745.20
715.41
764.08
725.82
712.21
762.61
691.97
760.41
770.04
671.90
750.80
726.49
823.44
492.03
79.51
133.00
702.99
195.96
707.63
747.18
795.20
855.72
734.11
849.74
838.35
808.83
836.77
847.02
0.00
337.74
108.39
209.05
560.31
778.94
844.92
381.16
864.46
856.54
85.59
0.00
554.09
737.95
413.44
825.41
189.09
42.61
526.93
554.28
167.69
584.06
864.74
843.36
68.60
472.00
631.11
683.91
114.69
556.71
