0.00
0.01
0.01
0.01
0.00
0.00
0.00
179.19
114.45
16.19
404.71
749.61
784.58
721.23
748.15
699.61
0.00
820.34
686.69
856.92
689.05
699.43
194.87
0.00
273.34
720.38
614.41
641.53
534.89
32.40
105.07
62.48
41.65
209.72
556.95
584.60
698.88
725.54
758.70
72.61
0.00
110.55
0.00
0.01
0.00
0.00
564.31
832.86
854.60
853.87
842.07
835.01
831.38
760.82
853.19
834.16
857.03
866.75
844.87
856.53
843.86
844.86
839.55
740.82
868.96
809.19
720.88
783.62
843.53
824.02
877.69
897.40
838.79
734.22
723.90
104.22
0.00
0.01
0.01
0.01
0.00
0.02
0.00
687.28
552.75
616.85
0.00
50.34
0.00
83.63
61.67
0.00
0.00
52.36
173.84
853.53
684.79
715.09
745.86
745.73
841.92
702.42
252.01
535.22
723.39
670.21
675.83
712.78
716.21
701.03
733.61
283.99
278.19
0.00
0.00
0.00
0.02
697.18
745.66
717.82
711.32
808.16
791.01
731.72
613.84
687.67
691.59
615.87
713.76
768.70
704.70
864.83
773.90
755.46
674.61
724.66
722.96
579.06
720.80
675.74
782.36
693.22
695.09
731.61
713.88
700.81
715.02
693.94
719.91
784.48
794.18
829.01
875.64
804.13
730.65
715.27
728.09
753.03
865.62
839.58
781.80
408.59
802.61
766.89
110.28
547.29
807.39
725.66
40.70
531.18
696.64
752.35
805.06
666.36
262.03
692.82
718.40
787.07
795.32
708.25
720.04
295.39
685.47
704.06
758.01
704.10
606.44
697.62
729.83
693.05
693.74
715.37
712.91
848.42
711.27
829.19
779.97
886.91
632.52
718.20
708.51
805.69
749.85
685.41
82.62
545.56
828.29
705.04
775.87
735.11
760.26
726.71
677.81
458.22
681.66
727.96
876.16
836.51
834.09
843.97
870.63
721.99
778.63
733.32
730.18
840.02
748.93
692.67
702.39
683.88
740.99
763.13
700.57
692.96
780.00
809.11
790.26
730.70
714.26
782.93
744.69
701.37
722.37
678.64
729.88
794.39
746.22
740.56
752.62
747.64
752.11
783.92
786.25
721.94
711.67
711.39
681.11
729.81
764.23
760.61
773.64
755.93
755.02
740.43
708.84
748.84
765.25
712.86
712.33
716.06
742.05
739.66
737.71
724.48
760.97
719.92
744.36
720.63
784.25
698.59
716.21
742.70
718.59
738.05
763.95
757.16
731.87
708.90
764.98
797.24
789.74
692.34
694.69
719.12
795.32
713.17
715.14
784.16
692.94
725.61
697.05
750.61
717.14
763.86
733.02
716.23
766.10
784.22
715.50
685.73
742.35
699.50
770.59
709.60
790.24
725.69
783.11
768.46
730.88
732.65
731.92
687.01
741.47
760.33
723.60
702.40
684.72
723.51
764.19
730.40
745.18
763.69
691.11
724.10
711.88
709.39
776.94
729.48
785.31
788.76
688.67
705.59
755.84
760.16
734.77
749.77
724.58
740.80
788.45
740.14
747.58
734.67
735.15
765.45
732.91
716.78
710.41
729.94
734.39
694.31
712.30
704.32
716.83
704.78
745.79
694.68
750.51
785.95
748.63
698.58
677.66
715.11
783.69
732.53
812.79
792.98
729.35
684.35
724.75
716.00
805.12
746.12
695.85
719.75
710.79
740.92
739.44
729.11
755.47
726.38
693.54
681.42
746.96
728.90
798.23
755.90
719.34
744.81
715.78
748.94
764.07
758.49
697.48
707.84
758.98
685.73
722.95
770.16
751.74
725.79
751.34
719.63
780.38
719.61
713.61
730.11
682.47
700.75
738.35
779.85
753.59
729.72
725.72
732.73
769.33
743.68
721.17
726.59
718.08
801.79
699.90
733.00
704.13
742.87
775.21
740.19
760.64
792.94
755.37
684.94
792.02
766.37
766.33
717.21
761.20
666.83
714.71
696.87
718.30
670.31
749.04
734.27
745.22
732.76
686.69
715.74
706.69
735.30
695.25
719.60
757.08
764.26
669.24
689.93
735.67
728.31
741.93
740.29
705.18
763.21
766.62
696.38
681.59
758.85
719.01
715.60
687.01
681.58
762.94
711.96
704.94
738.26
772.61
703.15
798.01
718.74
714.25
692.93
735.17
737.40
734.76
768.23
737.91
734.06
734.34
752.13
758.08
810.98
691.59
758.77
747.10
863.11
842.96
832.69
712.42
503.38
429.05
515.63
756.21
704.07
725.57
773.81
533.78
349.63
649.05
377.49
225.23
221.82
233.36
0.00
44.42
575.48
728.97
759.74
738.89
9.56
723.60
215.44
763.48
714.94
740.90
878.24
684.77
711.62
687.35
772.77
670.52
681.58
825.94
849.40
679.56
698.32
684.54
701.44
790.63
538.75
846.75
723.64
693.07
704.60
705.64
642.59
730.17
719.35
700.30
844.39
717.91
746.27
744.45
851.77
174.52
633.79
657.67
878.66
699.17
813.29
721.72
696.34
784.10
759.68
726.39
698.65
690.46
714.17
768.62
728.94
674.27
737.24
697.57
783.95
698.79
718.04
715.18
817.47
698.37
613.57
736.87
747.73
747.19
737.61
699.90
110.37
45.65
662.20
745.76
839.83
887.92
850.48
79.68
761.40
