0.01
0.00
116.69
55.30
143.23
0.03
0.00
535.97
784.23
743.72
714.45
747.53
711.03
770.64
0.00
60.87
57.58
25.22
0.00
0.00
0.00
0.02
783.85
739.72
710.02
758.39
788.62
762.71
692.46
739.15
714.82
755.33
726.79
700.01
713.93
730.35
749.67
711.27
726.19
765.77
688.50
727.99
729.42
728.64
779.97
727.87
747.83
793.24
792.13
710.67
727.76
741.76
716.87
820.79
720.36
740.95
757.27
713.96
723.23
698.29
732.28
699.35
758.28
727.17
720.61
783.65
768.20
707.92
751.34
770.61
768.07
732.85
738.93
748.98
740.87
725.63
802.12
738.22
785.14
690.04
746.63
709.12
723.99
756.14
695.71
768.69
723.64
769.62
695.31
729.86
753.60
745.23
762.15
743.14
757.13
758.33
746.05
692.57
722.30
760.92
735.90
734.59
718.63
701.10
821.75
706.63
740.54
749.04
763.82
729.64
692.07
715.31
681.22
768.98
751.27
752.97
709.42
740.79
707.26
725.73
704.42
702.31
746.55
788.91
768.50
750.98
764.29
730.16
741.69
737.90
772.28
770.21
742.86
747.97
735.47
729.18
717.33
731.98
740.67
695.10
721.50
710.52
726.58
723.00
728.91
769.94
723.17
659.20
695.98
722.42
755.57
737.49
727.35
704.14
724.37
755.40
711.55
717.58
705.81
781.59
768.24
777.19
710.34
728.55
677.63
777.40
734.38
721.56
761.07
752.59
724.31
713.20
773.10
740.23
720.01
773.85
712.99
726.99
694.81
767.89
720.10
726.80
753.85
665.29
759.34
771.66
694.72
705.75
759.20
759.02
736.14
711.33
767.21
758.27
729.60
729.40
777.95
722.62
767.38
724.80
728.44
765.63
713.30
721.61
754.86
693.59
787.49
776.30
767.39
746.80
803.46
778.92
742.29
746.93
745.18
704.67
757.70
896.99
704.48
692.99
728.85
702.57
736.40
706.61
634.03
697.80
692.64
730.83
704.35
510.94
710.67
900.00
687.59
811.22
716.01
755.50
799.14
715.07
862.05
822.79
741.20
113.28
416.69
702.01
857.16
674.13
738.87
699.84
700.66
706.85
809.83
784.55
718.39
685.74
705.42
691.85
759.05
695.93
493.82
698.47
708.51
686.18
729.49
773.76
707.68
789.52
744.35
697.47
887.77
730.87
884.44
783.31
832.65
739.88
715.06
683.47
762.16
709.71
711.93
768.33
866.90
900.00
692.13
728.39
702.67
900.00
89.93
66.55
0.02
0.02
0.00
712.37
735.22
526.14
770.84
168.12
627.29
662.64
585.89
717.51
749.44
755.28
773.07
753.03
156.77
46.83
530.13
759.25
266.84
0.00
136.50
0.01
16.90
126.78
0.01
0.01
0.00
875.02
845.05
856.04
716.92
757.90
821.54
843.59
862.02
844.54
803.57
849.08
0.00
394.99
49.89
546.50
436.66
763.04
711.68
153.76
59.29
774.53
719.97
806.04
637.53
760.46
778.13
814.00
849.00
822.99
537.61
105.55
0.01
343.81
115.81
714.54
660.54
477.88
514.14
715.64
363.21
619.92
795.22
804.27
690.04
223.07
214.38
365.02
682.93
0.00
0.00
406.45
427.77
812.47
761.07
690.55
752.02
716.74
855.86
825.03
678.04
711.86
769.90
840.75
900.00
900.00
764.14
771.12
714.83
695.41
729.02
671.81
768.73
531.35
762.26
829.48
778.69
51.03
801.48
814.03
829.73
756.36
72.80
0.00
625.96
508.47
0.00
63.68
94.42
467.71
768.68
742.16
882.17
846.10
0.00
0.02
231.11
181.61
366.34
439.26
867.78
84.01
496.67
287.14
0.01
0.00
0.00
0.01
112.11
0.00
0.03
19.67
58.54
160.57
0.00
882.25
826.17
847.13
743.96
698.58
790.29
265.71
440.02
344.70
727.10
699.61
706.43
96.12
86.52
589.86
724.41
722.99
700.42
717.35
641.63
829.99
785.98
352.14
545.30
663.84
818.53
826.58
831.06
670.38
703.93
684.62
703.62
678.98
724.68
678.50
766.15
742.44
724.95
738.23
751.77
725.13
774.72
726.37
755.77
729.46
729.05
699.10
768.14
721.04
742.58
729.39
758.11
757.78
691.03
772.73
696.25
762.25
691.17
698.34
731.96
815.47
720.74
749.11
761.06
724.92
782.66
701.13
688.39
750.88
720.09
722.73
731.73
747.93
782.89
758.48
702.88
788.38
763.39
759.45
703.49
659.50
719.56
169.48
675.69
694.30
195.62
556.59
731.71
88.30
625.10
737.77
622.53
741.77
732.26
690.63
831.58
579.11
706.96
702.50
728.90
684.98
489.68
722.92
717.73
770.48
732.12
855.94
779.27
762.85
801.74
712.64
805.39
657.76
769.28
820.75
81.43
706.89
704.45
888.15
689.54
530.51
765.97
805.18
700.56
696.02
749.61
670.24
700.66
888.10
570.36
477.15
687.04
755.93
708.69
662.91
731.87
705.08
708.61
723.64
811.89
696.68
709.15
775.08
889.28
732.50
717.51
801.52
727.14
726.28
711.79
724.74
706.37
720.96
757.46
736.05
757.25
748.90
696.01
756.31
743.69
720.16
787.84
770.56
717.00
723.97
732.80
721.96
722.35
385.39
