306.90
527.83
583.67
637.93
654.96
900.00
380.27
729.62
732.95
709.20
144.28
189.65
564.41
793.89
782.46
0.02
117.30
576.10
739.02
714.03
822.60
749.30
614.12
506.37
847.35
863.02
843.44
535.92
405.22
745.99
704.12
833.68
710.48
861.05
734.80
165.48
812.42
738.74
738.46
865.93
866.45
826.21
887.34
861.07
646.68
726.93
753.44
320.67
764.75
751.09
719.47
733.91
143.96
875.59
0.00
542.68
768.07
810.80
808.17
720.36
0.01
0.00
479.46
711.11
765.41
734.55
772.47
705.05
784.67
0.00
0.00
0.00
6.39
51.13
0.01
0.00
0.00
862.83
872.58
839.42
701.94
786.80
803.77
754.16
726.17
725.72
745.88
706.35
700.31
130.61
213.18
176.09
565.35
777.13
871.59
514.19
660.27
764.01
3.26
444.04
815.14
734.30
845.67
842.14
848.46
827.36
756.27
810.89
799.88
742.08
709.56
650.03
164.76
735.08
228.37
633.82
273.21
0.00
599.02
760.50
808.73
646.38
788.35
700.96
220.18
139.87
472.92
714.14
710.85
766.55
900.00
817.87
786.73
711.11
726.06
732.23
697.00
713.03
820.41
696.86
749.17
719.19
817.11
656.06
678.45
682.23
697.32
843.61
699.71
594.91
707.94
694.81
596.95
839.26
732.98
695.05
701.62
673.69
807.23
627.98
665.20
737.26
734.84
559.20
592.03
789.33
789.67
818.92
799.06
451.18
703.25
712.47
785.61
900.00
750.19
731.59
669.43
714.14
891.61
765.15
695.68
687.31
743.77
844.29
846.67
850.27
865.18
687.04
743.24
3.54
491.52
842.85
523.07
593.65
452.93
542.19
845.97
760.87
718.82
658.47
778.36
714.87
721.08
65.30
702.66
559.62
569.49
834.92
9.39
772.63
804.36
762.95
756.31
855.55
835.65
852.74
850.01
815.00
828.31
317.21
732.56
838.52
808.36
845.78
0.00
129.16
196.28
48.85
736.27
784.04
774.01
77.27
0.02
843.68
814.85
860.33
826.56
682.72
310.94
734.73
742.89
728.51
852.22
171.20
593.02
620.75
523.02
0.00
100.10
0.01
0.00
62.80
68.32
83.33
639.47
607.12
41.45
712.61
723.36
678.68
562.68
196.74
548.70
0.00
18.96
0.02
450.95
560.71
466.56
739.31
737.39
683.35
706.41
711.54
0.00
536.69
711.64
776.23
0.00
755.11
738.92
741.04
706.22
725.89
760.20
588.11
709.48
725.34
716.99
659.36
839.98
873.93
699.22
809.42
678.87
258.77
779.11
671.58
671.64
742.95
733.64
721.80
725.09
409.00
724.26
720.33
700.25
745.40
144.49
603.89
710.17
721.40
678.90
714.46
712.92
690.82
751.91
718.46
727.80
684.63
713.85
850.35
900.00
720.98
704.40
742.28
690.97
264.51
686.19
723.16
715.67
851.75
900.00
730.22
783.17
765.60
716.02
280.22
609.90
756.49
678.90
720.60
854.98
668.84
867.80
681.50
660.45
701.99
751.38
686.63
832.48
736.51
631.74
719.80
708.66
725.37
706.48
733.19
733.51
737.17
759.54
725.93
682.83
694.32
704.20
696.58
670.34
700.49
728.71
662.44
699.12
703.11
730.41
728.62
751.29
769.21
736.11
716.42
804.53
727.72
712.93
700.36
824.95
730.00
737.03
579.92
888.64
678.99
687.48
698.52
699.58
704.09
708.86
632.55
717.28
724.42
708.23
698.65
703.75
719.31
831.74
719.75
716.85
707.17
712.24
734.01
716.58
691.15
670.80
580.30
690.38
391.22
520.97
717.65
820.24
845.57
839.13
337.25
582.53
695.99
785.01
684.84
897.78
773.63
715.96
424.10
602.67
689.48
715.00
693.80
714.65
734.00
713.35
705.51
762.64
860.86
726.79
744.44
707.58
736.03
688.21
370.01
496.56
884.01
719.77
704.49
695.70
700.97
676.44
704.43
578.54
829.68
805.14
721.82
749.30
690.73
719.47
701.11
780.03
746.96
800.50
679.38
536.71
634.24
660.73
693.45
700.19
696.75
820.14
732.94
606.81
735.72
789.73
752.94
782.13
724.86
803.89
816.19
694.25
721.71
719.11
741.46
676.52
0.00
391.69
370.46
725.26
779.48
833.06
607.73
576.39
721.23
694.77
49.32
67.79
684.48
690.33
674.37
716.27
716.22
0.77
625.52
540.83
711.09
722.17
711.84
711.67
720.20
710.34
900.00
782.94
831.95
822.69
711.13
692.01
739.45
555.76
682.14
804.13
787.55
859.55
717.27
700.19
713.62
675.97
683.38
818.18
867.52
735.72
866.92
815.44
705.93
784.83
691.15
817.57
806.15
688.68
521.21
679.19
780.55
842.04
839.62
711.37
687.19
700.43
691.64
808.49
715.95
671.08
702.49
785.57
738.03
710.68
683.76
731.82
762.59
718.84
707.88
712.92
768.54
719.57
745.02
699.47
735.99
721.57
725.82
753.25
736.90
683.25
745.52
769.25
750.06
733.03
717.25
755.07
749.27
730.60
705.60
770.04
716.56
760.88
736.19
753.62
738.39
722.49
770.62
696.65
756.32
709.98
741.07
782.57
752.85
744.02
779.06
699.21
700.53
728.45
785.69
756.69
694.72
