0.00
0.00
0.00
678.69
480.12
739.83
92.11
497.22
712.12
745.56
82.57
89.17
31.73
109.49
0.01
405.86
338.33
87.09
93.95
239.22
746.95
859.82
820.19
831.93
849.56
857.41
845.82
659.93
783.02
722.79
695.37
763.16
839.06
697.75
706.53
678.00
718.13
786.70
859.17
696.78
703.31
698.37
86.50
595.79
682.97
166.78
746.37
173.35
585.23
731.36
718.26
694.70
689.29
749.60
712.65
831.79
509.96
701.37
705.65
844.02
728.56
727.38
685.19
736.03
694.38
680.25
703.42
751.96
681.72
720.50
738.38
825.08
779.67
809.21
684.53
685.87
699.81
719.70
790.21
777.38
689.82
810.15
867.29
716.34
766.15
867.47
876.98
845.65
871.38
832.42
819.58
870.86
862.72
838.74
842.99
852.81
0.00
0.01
781.62
726.92
713.31
879.96
767.25
815.87
865.24
49.54
493.56
578.26
455.77
736.63
614.06
695.84
761.57
470.78
49.13
13.71
181.03
296.96
700.13
752.20
721.53
843.76
125.49
113.92
593.78
373.92
742.38
833.56
682.29
824.81
860.16
300.70
772.15
861.27
853.14
868.75
853.86
664.64
724.37
734.43
773.43
625.82
133.09
230.22
698.14
534.30
894.30
879.46
687.00
718.94
684.81
402.88
583.27
565.69
824.47
719.94
784.85
773.85
830.96
679.00
716.21
794.68
762.38
699.14
707.47
681.95
694.20
347.66
632.40
696.04
697.84
707.33
416.96
722.11
741.14
726.50
738.04
734.11
689.27
863.37
643.25
663.96
848.61
717.72
721.59
864.86
760.65
735.16
835.95
886.72
773.09
686.02
680.80
759.12
435.82
751.88
704.84
705.35
732.02
695.03
708.71
575.07
679.09
707.83
704.23
195.47
599.53
568.61
689.89
777.72
750.83
544.46
752.64
714.80
806.18
849.62
778.50
897.84
680.34
477.86
552.44
584.16
702.12
895.98
733.55
706.46
678.25
727.16
714.96
733.76
731.86
780.90
753.36
709.37
679.01
727.05
807.52
755.21
739.58
763.08
742.62
732.86
703.96
726.78
715.57
705.99
712.27
740.31
733.62
751.38
694.75
733.43
766.07
758.94
738.74
721.52
669.86
793.90
721.28
750.18
750.88
772.76
671.96
720.12
689.97
756.57
707.68
721.07
801.78
702.28
690.20
787.32
732.48
783.90
727.87
752.23
721.01
763.79
767.61
726.76
750.11
757.66
716.09
732.89
759.39
818.18
757.02
734.17
738.47
701.78
727.11
728.66
716.55
701.44
731.48
741.20
717.07
688.24
778.18
750.73
763.85
768.07
711.87
719.54
741.26
758.93
745.99
701.46
713.92
730.16
705.31
732.49
760.65
701.59
755.77
688.01
762.63
767.82
693.98
753.32
737.22
806.62
703.95
739.02
807.91
739.06
740.63
741.66
751.75
772.20
722.82
785.64
735.72
831.86
842.11
855.41
868.50
822.42
868.34
825.59
844.25
836.46
839.04
861.28
705.14
708.06
376.48
482.01
699.70
674.20
132.26
0.00
15.18
15.29
465.23
384.86
721.64
715.45
772.06
688.62
731.26
759.90
735.77
724.24
728.43
841.69
732.42
681.37
736.93
754.12
744.92
740.89
727.08
768.18
763.35
673.79
759.71
715.62
719.33
725.22
716.01
736.20
698.08
751.43
736.00
775.96
797.33
800.32
707.64
730.98
682.50
799.94
761.92
703.39
731.29
719.93
847.94
779.23
871.71
712.71
753.46
819.39
728.83
837.04
0.00
638.21
672.00
712.43
715.77
701.56
740.35
784.61
700.09
827.51
710.76
808.61
697.14
734.05
727.88
631.80
878.83
751.71
767.83
743.09
802.54
869.12
412.15
674.93
682.58
818.27
744.87
830.46
675.37
705.94
725.23
696.95
705.11
729.29
795.25
680.19
505.84
839.01
186.52
682.20
718.29
843.05
767.91
695.12
694.42
577.58
834.11
826.45
848.57
687.60
781.47
690.42
842.99
707.07
834.42
680.55
669.73
715.93
660.33
732.57
717.25
718.68
809.47
673.26
716.52
732.28
718.93
697.02
715.92
745.13
712.57
745.04
779.11
743.40
758.67
778.52
676.26
454.43
658.34
699.66
778.14
529.01
840.04
718.59
70.66
0.00
0.00
0.02
0.00
322.83
366.19
550.63
750.08
848.73
788.26
711.39
738.95
516.86
0.00
0.02
0.00
0.00
0.00
67.21
34.15
381.54
751.05
774.15
728.64
739.77
658.04
701.39
736.56
862.97
821.72
833.29
858.57
892.20
802.38
833.95
819.57
718.34
759.05
675.68
676.16
722.19
716.62
742.94
738.20
747.98
792.92
780.18
757.71
777.08
769.84
722.33
677.39
646.20
821.26
723.34
673.73
700.39
747.60
751.19
700.68
711.09
805.92
690.23
702.88
693.62
712.43
552.16
724.58
126.21
513.75
701.29
703.22
677.52
677.93
735.51
700.32
0.00
0.00
126.21
540.13
302.61
82.67
860.16
862.22
769.15
851.67
828.02
0.00
0.01
0.00
0.01
0.00
93.29
597.43
709.51
724.88
809.14
705.69
740.96
703.65
700.49
637.88
709.67
800.07
712.59
710.58
717.47
697.01
655.78
784.46
752.91
