0.00
4.50
0.01
0.01
0.01
230.97
93.44
753.11
778.69
33.92
392.99
698.54
842.15
849.50
834.86
751.42
726.75
737.89
733.35
729.41
516.40
656.30
791.15
700.61
743.58
690.19
85.49
120.27
197.19
682.94
874.13
852.72
197.21
107.10
653.13
481.35
408.97
0.02
650.14
714.85
103.57
0.00
141.49
786.02
708.44
727.80
754.98
756.31
753.15
843.08
806.37
608.14
681.20
408.16
753.31
723.23
651.95
864.01
808.83
827.90
829.25
845.46
410.87
832.42
806.37
784.87
718.74
702.21
516.03
553.04
485.71
726.14
717.64
766.99
726.68
801.96
838.28
760.45
0.00
0.01
0.01
0.01
0.00
0.00
0.00
0.01
40.06
0.00
0.01
0.00
0.00
0.00
0.00
0.01
308.18
407.69
777.38
835.81
872.46
877.69
825.96
834.59
877.71
822.09
707.26
728.14
728.51
846.55
778.25
822.48
846.89
748.35
743.19
417.78
111.57
469.38
711.11
820.02
872.75
851.21
710.72
706.56
0.00
6.09
57.81
144.71
270.24
776.89
760.92
815.25
771.98
723.24
0.00
0.00
145.86
129.67
532.89
454.48
838.13
873.01
824.08
849.23
866.68
824.20
880.96
817.96
0.00
481.64
712.05
844.38
863.34
29.79
178.36
0.00
0.01
0.00
0.00
0.02
116.78
83.09
53.53
503.70
790.52
0.00
398.95
712.55
756.79
791.31
0.00
0.00
0.00
633.43
585.84
155.05
0.00
0.00
476.10
735.39
733.19
765.11
702.02
594.97
576.34
858.25
854.98
805.43
700.85
494.46
734.68
565.37
719.35
808.77
864.95
858.10
872.53
828.18
734.38
0.00
410.96
798.01
699.83
324.66
585.47
736.06
771.43
693.50
42.10
0.00
670.66
0.00
164.74
843.26
728.89
755.08
824.16
320.74
825.51
746.28
759.71
731.28
726.35
881.45
808.77
862.24
861.21
857.32
712.14
840.15
737.29
828.06
849.53
733.17
788.86
839.48
759.54
759.54
471.41
702.91
525.74
704.67
37.45
678.13
247.93
569.99
222.75
470.77
479.10
743.15
757.15
703.95
748.17
741.51
736.26
729.09
720.92
705.29
743.10
717.61
763.64
764.52
719.93
674.82
741.29
736.09
704.82
731.78
696.88
833.72
874.76
813.10
846.72
744.17
730.76
747.55
751.59
732.50
683.10
716.17
712.80
723.67
729.24
744.02
715.24
720.68
763.80
721.72
723.44
725.19
677.80
735.53
685.25
721.40
759.26
726.69
702.36
714.58
695.11
787.79
706.01
815.25
743.53
726.01
791.24
729.67
730.99
763.22
719.64
737.57
775.76
792.41
713.86
703.32
707.49
748.46
721.53
731.76
725.13
723.67
741.66
729.66
747.24
674.70
732.12
724.64
708.86
757.11
750.29
107.99
548.14
713.03
447.52
719.47
0.00
0.02
0.03
253.06
0.00
84.16
190.32
790.38
681.95
693.82
710.95
714.31
697.66
680.30
686.39
174.56
628.59
726.91
739.95
626.68
692.02
716.74
700.64
718.52
713.76
434.24
655.20
797.99
716.80
690.41
856.26
759.43
732.57
719.33
713.88
749.78
701.97
699.35
837.27
722.65
444.44
624.14
825.75
717.50
711.25
438.09
681.92
716.53
707.43
702.35
759.53
740.29
0.00
482.87
689.90
716.05
727.32
743.35
361.10
567.76
697.27
709.83
657.23
667.41
738.29
852.53
816.36
771.57
789.58
730.82
691.13
720.84
719.69
697.72
721.61
690.22
727.88
707.72
691.82
629.05
736.67
730.66
846.05
676.27
690.88
686.60
853.16
785.17
722.99
741.03
731.34
716.18
753.84
894.68
704.82
678.59
697.04
853.64
817.25
819.17
702.90
756.40
669.72
900.00
692.46
719.27
776.30
703.34
681.28
739.84
576.57
753.96
714.92
829.62
632.75
701.65
301.21
662.28
721.88
715.08
697.29
689.70
693.82
698.72
803.17
845.50
757.44
703.58
745.46
801.86
763.11
751.33
716.87
703.82
713.30
776.11
743.96
721.69
741.80
729.77
750.30
776.21
696.92
745.10
723.55
676.58
755.38
747.35
716.95
739.07
686.97
706.74
756.13
740.08
732.22
773.24
731.00
745.26
832.23
733.65
750.06
763.65
712.39
766.23
778.52
735.16
749.24
768.46
752.81
802.17
743.69
751.55
724.89
758.80
719.70
683.15
685.84
749.51
745.04
697.97
730.95
787.45
695.87
747.49
690.54
739.54
703.60
702.61
705.44
798.90
725.21
737.27
720.59
707.42
763.28
687.62
706.98
674.97
749.62
758.77
748.59
765.34
691.70
698.19
718.69
721.64
763.58
720.08
720.39
719.11
731.46
724.37
763.06
724.29
747.39
829.10
760.22
727.09
688.31
683.10
739.23
702.47
718.39
724.39
721.12
736.34
727.03
735.63
707.98
747.56
787.81
769.12
692.82
762.58
756.51
744.12
733.32
739.65
845.25
697.98
773.24
667.36
702.18
757.59
702.12
722.27
767.64
701.74
756.20
752.94
848.78
694.26
713.39
701.31
710.98
688.12
704.48
716.85
327.15
679.17
708.48
498.36
589.13
808.15
724.00
697.85
688.99
798.07
