0.01
662.07
415.55
837.33
771.71
221.33
740.72
725.61
678.97
678.75
703.03
715.84
746.57
781.68
737.29
694.68
728.90
682.05
743.36
732.45
732.84
757.68
679.44
734.72
748.54
784.07
703.50
802.12
761.81
750.47
746.88
719.65
709.03
701.36
798.86
619.21
767.69
741.07
716.66
717.69
780.59
767.56
705.20
737.72
703.38
760.11
747.16
711.50
814.01
690.10
721.46
715.26
759.25
791.50
757.85
737.67
691.75
729.06
739.19
730.29
756.65
713.46
700.31
722.74
759.70
732.13
700.45
740.40
730.56
744.48
714.47
725.93
766.78
682.06
732.83
706.19
697.74
713.30
730.26
711.93
712.31
724.06
695.79
734.63
766.73
724.14
667.60
753.77
701.58
731.79
724.36
739.82
749.32
721.11
667.12
707.18
740.35
731.31
708.18
765.62
735.96
708.17
706.97
732.00
667.91
700.86
710.89
759.36
690.30
718.19
801.87
751.82
731.32
722.64
745.52
754.79
735.75
751.37
743.97
744.37
738.97
726.08
666.56
684.06
759.79
697.74
752.61
856.59
738.41
735.74
628.48
742.70
844.91
712.74
63.04
0.00
859.00
868.86
851.23
858.44
856.62
823.63
851.54
872.16
368.93
752.27
772.23
696.54
766.86
759.75
782.22
757.02
751.52
759.72
782.08
821.95
848.88
41.21
0.00
452.95
180.59
0.00
5.09
461.22
384.55
470.88
0.00
0.01
452.70
0.00
0.00
702.49
769.29
860.58
185.69
226.46
584.88
700.13
742.39
707.28
725.43
733.97
704.64
703.01
697.72
714.29
814.58
710.01
505.63
737.72
717.68
726.95
690.80
634.04
685.55
698.65
692.11
293.76
650.88
37.87
604.25
852.26
736.73
735.94
875.46
900.00
502.08
602.18
814.95
701.79
683.96
718.09
690.16
244.13
617.96
691.87
722.14
741.58
709.82
821.09
836.40
830.24
773.68
829.64
583.75
650.17
768.94
783.32
695.12
741.87
737.82
869.16
819.74
695.56
181.70
69.60
693.53
522.83
738.12
454.85
788.57
723.86
444.70
710.72
725.32
717.57
771.37
730.69
813.55
877.43
858.32
838.52
875.29
832.72
871.22
80.81
89.87
34.59
293.85
182.29
40.25
840.51
740.26
732.78
803.50
825.15
768.80
772.47
745.48
0.01
667.43
115.19
261.27
554.54
492.97
732.66
748.44
599.55
328.56
717.09
791.16
835.79
842.75
809.70
822.17
100.35
0.00
0.00
0.00
0.00
0.00
0.00
199.50
106.81
409.23
744.22
734.82
796.97
705.74
401.71
139.66
39.49
0.00
56.44
331.38
429.55
755.52
750.47
838.88
729.87
311.62
818.00
429.91
737.27
695.81
708.36
701.79
691.97
705.18
736.88
722.87
765.49
729.45
712.23
675.91
717.16
766.16
768.02
731.28
749.39
741.21
726.00
697.09
711.36
752.54
702.54
770.82
772.10
735.39
709.49
764.31
768.04
693.69
748.54
781.10
695.57
718.26
738.99
691.72
750.11
775.28
740.64
737.96
731.16
771.46
764.03
767.07
713.80
777.09
764.72
721.36
729.73
760.78
735.51
711.90
709.42
740.06
753.63
760.09
674.08
716.61
771.58
791.59
671.79
666.44
688.21
755.78
736.84
769.47
775.47
764.56
763.83
686.46
748.32
717.78
781.23
741.14
0.00
415.62
849.72
869.28
826.91
827.56
744.73
704.69
756.08
751.36
691.12
802.28
0.00
0.00
0.00
0.01
109.97
359.57
747.29
755.80
786.54
707.78
694.46
706.92
701.81
838.55
680.75
825.69
755.90
846.23
0.03
0.01
0.01
0.01
0.00
731.74
198.69
172.37
893.99
591.07
770.74
505.01
436.94
695.78
152.96
630.21
751.70
744.58
735.31
414.36
752.88
0.00
179.18
777.70
0.00
178.23
0.00
0.00
0.00
0.01
569.18
470.03
65.88
500.11
553.14
502.92
758.08
729.60
739.65
737.99
758.85
723.43
494.48
4.73
526.69
857.63
830.43
842.92
900.00
707.26
439.88
338.88
736.88
766.52
760.59
773.84
703.54
699.76
729.92
750.72
724.67
702.25
761.03
711.46
747.93
679.46
754.76
744.05
732.91
803.90
738.82
726.78
720.12
739.48
772.62
782.66
758.17
741.84
710.38
751.43
740.49
730.17
720.23
728.84
739.22
720.83
801.24
736.49
752.37
763.75
849.43
859.76
810.65
845.54
855.21
864.22
84.26
257.70
715.95
729.89
780.70
692.30
761.00
727.91
570.48
675.75
736.00
697.15
785.13
698.29
689.39
779.66
856.33
718.08
879.51
796.51
739.87
695.04
688.32
703.49
711.75
694.79
156.67
0.00
13.16
718.68
667.27
834.19
850.38
0.00
108.55
328.76
583.39
684.85
699.06
207.17
0.00
0.02
0.00
21.95
541.13
3.23
37.28
707.96
74.95
208.94
635.83
299.81
463.45
107.58
86.62
130.75
261.79
106.48
840.48
840.15
835.92
855.11
844.74
864.82
734.99
710.53
711.17
812.99
838.87
857.58
872.36
831.60
556.28
537.53
726.13
685.00
699.74
813.60
722.70
750.79
676.80
687.93
768.89
706.07
706.04
624.77
691.32
