450.50
752.83
787.52
753.80
766.84
680.21
177.86
852.25
669.50
779.17
419.27
706.87
767.08
847.50
810.10
721.80
708.21
197.82
167.40
49.25
355.62
335.06
772.01
662.53
123.73
0.00
0.02
111.75
663.73
391.23
804.15
716.80
739.71
859.51
850.59
753.47
681.66
732.53
51.36
74.53
357.19
560.42
698.40
754.44
845.63
732.27
766.43
788.74
707.55
41.13
713.83
677.42
883.55
307.00
623.23
692.47
893.51
857.13
769.34
708.43
720.98
702.85
680.05
699.71
727.82
829.16
708.72
674.55
815.11
855.05
566.23
715.16
654.82
678.70
787.61
690.56
705.55
725.95
711.74
705.04
721.78
480.21
698.50
443.92
621.38
719.14
802.70
723.65
742.42
770.45
472.41
555.51
748.83
706.87
726.00
759.73
829.30
710.65
665.30
676.43
708.42
836.33
732.53
822.43
862.41
701.08
746.91
678.17
726.04
755.44
849.13
707.47
871.98
807.65
835.71
400.66
748.99
851.42
784.67
733.37
753.85
700.67
0.02
0.05
155.71
499.20
765.39
0.03
109.87
708.48
716.95
695.92
0.00
39.44
0.00
0.00
739.15
790.78
131.29
164.42
88.77
652.54
378.06
740.03
700.57
729.42
725.87
828.34
862.39
822.78
21.95
220.96
202.93
64.28
302.36
741.28
586.93
495.51
0.00
0.01
127.45
16.48
0.00
585.87
728.33
772.70
0.00
0.00
0.00
96.99
487.59
550.49
0.00
672.19
686.20
800.02
742.85
757.05
735.85
216.92
684.46
705.39
758.32
843.53
845.43
876.62
830.35
86.15
738.95
780.37
514.22
116.29
0.00
0.00
0.00
0.01
0.00
0.01
211.14
630.43
843.64
852.22
839.56
840.48
776.85
780.06
138.79
152.39
306.03
126.66
186.70
0.01
0.01
808.13
831.66
862.12
829.44
785.62
723.37
680.93
719.81
252.51
79.15
33.07
31.55
505.23
720.21
0.00
0.01
97.80
499.41
205.93
0.02
0.02
0.00
514.97
426.76
757.58
522.00
575.96
457.52
557.75
498.93
718.49
864.36
790.88
147.67
0.01
0.03
0.04
0.03
0.00
0.00
0.00
0.00
569.52
151.58
162.54
121.87
9.06
0.00
705.75
441.26
567.67
302.14
755.32
712.73
846.77
814.86
768.71
759.04
523.27
800.30
775.88
548.86
628.39
566.61
751.00
720.78
740.85
717.99
52.83
213.62
0.00
0.01
0.00
122.03
91.15
449.45
880.86
793.04
774.92
776.52
794.77
729.51
711.35
772.58
403.39
698.67
753.32
856.21
666.46
653.67
837.42
848.33
857.14
841.85
0.00
407.03
565.09
169.80
544.92
553.32
727.87
265.03
504.82
528.19
320.99
83.53
151.87
231.63
531.62
764.32
72.33
850.65
722.19
732.38
753.79
767.57
691.35
698.13
858.76
863.64
510.08
528.89
740.17
886.14
848.70
866.29
793.01
644.77
621.50
852.07
828.65
222.10
233.15
0.00
0.00
370.09
653.83
606.89
770.49
10.63
0.00
49.49
177.22
673.43
192.02
496.98
814.05
532.23
688.62
825.55
488.63
424.49
66.77
560.87
829.95
801.12
841.38
722.23
663.99
728.15
646.66
735.10
752.77
766.72
712.52
715.02
754.74
712.32
732.96
761.66
799.00
701.90
698.77
689.53
762.18
900.00
555.87
591.09
725.41
716.99
704.08
712.47
673.03
848.49
357.03
840.19
740.03
874.17
701.83
659.91
735.59
528.94
642.32
693.96
706.57
681.12
736.06
687.16
689.10
784.86
704.85
716.38
711.20
712.96
727.99
689.45
894.53
381.39
588.63
672.50
726.82
777.09
706.52
867.13
806.90
839.09
782.21
713.05
779.02
634.36
831.57
792.03
685.30
868.35
704.56
854.33
755.63
653.42
714.92
822.87
741.69
692.40
719.95
742.74
821.53
686.15
721.33
676.52
705.86
703.51
831.06
701.25
668.78
0.00
0.02
49.96
0.00
0.00
0.00
0.01
0.01
0.01
0.00
0.01
579.99
64.77
0.00
79.32
0.00
261.82
0.00
843.20
796.84
837.06
825.11
862.64
179.28
19.25
0.00
0.00
0.00
204.98
112.91
0.00
441.18
758.30
740.45
864.28
731.30
760.28
763.39
750.28
0.00
0.01
0.00
60.22
0.00
0.01
0.00
715.65
683.95
702.13
715.10
774.78
759.46
720.36
772.62
766.42
728.03
722.93
733.35
677.08
727.11
766.00
744.52
757.45
709.46
772.55
733.00
733.14
768.27
63.85
756.97
709.87
698.82
782.12
853.83
787.93
792.47
868.99
823.24
839.71
764.10
756.23
697.74
738.29
723.09
776.20
778.31
731.40
743.68
777.48
712.26
685.85
765.02
726.87
695.78
733.61
730.65
742.94
758.35
775.31
749.21
714.87
775.10
703.05
697.90
752.68
722.47
671.28
754.97
712.39
733.51
785.97
791.16
770.31
0.00
0.00
0.00
30.43
757.60
813.88
829.21
754.97
714.25
755.02
730.30
729.12
362.56
857.31
836.46
844.20
836.62
861.15
837.27
860.63
846.04
826.81
854.90
807.98
822.97
859.87
723.92
860.88
838.42
842.59
842.87
