853.44
441.00
431.09
779.83
721.42
824.97
844.93
816.65
849.02
882.14
829.95
832.15
690.84
716.00
731.66
744.57
786.70
726.31
741.81
727.01
0.00
110.01
0.00
0.04
0.00
0.00
0.00
846.68
843.26
850.45
866.03
819.32
831.81
839.18
739.87
0.01
412.69
22.92
728.49
146.37
556.77
469.37
0.00
0.02
0.01
0.00
0.01
566.57
693.70
828.96
797.50
865.07
842.60
843.93
740.27
0.00
0.00
0.00
0.01
0.00
800.12
848.85
864.92
840.90
850.58
622.39
842.07
867.12
822.23
842.65
885.97
823.17
810.31
205.39
0.00
0.03
0.03
0.02
0.02
810.72
769.79
753.49
739.20
696.09
737.11
691.41
716.88
0.05
0.02
0.01
900.00
1.99
93.90
0.00
174.94
764.98
731.91
757.62
771.31
700.03
723.82
728.85
659.42
777.32
774.29
727.38
767.93
720.41
745.94
708.32
760.49
761.84
732.91
769.87
736.87
697.37
732.21
806.48
715.10
745.12
670.37
768.23
722.33
743.81
684.94
747.51
771.87
754.55
728.05
739.70
773.28
745.38
752.17
779.57
740.63
745.97
788.03
747.94
759.78
731.02
681.23
735.69
706.84
696.87
760.06
653.25
716.65
730.14
782.80
710.27
734.25
742.16
702.29
731.86
730.85
795.02
763.88
766.72
756.84
772.17
743.78
750.91
742.55
757.91
770.17
702.10
720.81
711.93
707.85
756.31
754.84
757.20
710.93
696.30
727.33
731.26
742.42
800.00
718.56
686.08
716.58
727.11
765.70
714.50
768.05
685.43
748.38
726.13
736.73
752.97
756.33
705.06
740.04
723.39
741.20
733.00
713.35
723.99
754.78
729.95
679.51
703.53
738.65
766.53
634.13
704.10
745.00
682.32
675.42
43.24
108.67
783.31
90.02
565.87
507.94
837.76
725.64
90.30
369.37
754.87
698.35
735.26
757.74
768.04
700.96
741.60
701.97
754.23
725.26
722.43
681.49
723.43
708.50
773.65
817.07
762.33
775.35
668.22
766.06
696.80
679.27
718.43
722.89
705.06
695.95
773.37
833.19
746.61
706.29
690.66
781.57
728.72
665.31
717.61
745.02
716.02
731.38
770.78
735.98
761.93
768.78
784.47
800.23
776.60
758.33
780.07
664.12
790.63
754.07
730.35
738.25
708.09
788.86
707.22
752.00
721.68
768.58
726.33
692.45
778.64
769.79
657.84
686.64
709.32
684.67
714.88
701.04
744.27
750.11
744.12
749.59
738.10
736.37
805.68
722.36
722.33
745.03
723.34
717.09
715.76
663.04
737.14
686.71
773.86
765.74
740.89
697.93
727.09
697.58
718.81
735.38
744.21
720.89
774.25
762.83
731.40
783.31
747.94
792.74
754.44
756.35
734.84
725.62
743.07
769.02
707.17
734.91
734.95
724.77
762.20
783.07
688.43
768.80
780.05
682.77
701.95
683.64
756.45
691.25
717.25
760.31
709.36
768.82
739.90
690.18
696.50
655.94
726.26
688.74
722.16
833.71
720.11
714.41
773.10
736.92
730.04
698.48
760.60
690.83
749.42
805.89
798.22
746.34
780.71
798.65
771.18
732.11
687.19
776.09
730.23
693.91
739.36
754.32
715.39
741.25
719.39
718.91
728.41
727.85
753.15
725.73
793.99
760.56
714.71
688.93
719.64
752.92
740.09
719.97
753.46
760.90
721.03
755.95
734.23
753.63
787.66
758.73
718.08
749.13
778.71
759.30
776.14
772.63
710.83
737.28
776.69
695.29
788.57
720.26
748.36
738.79
697.79
738.45
731.94
694.30
758.89
759.19
725.08
716.29
785.96
722.79
766.50
714.95
733.73
825.20
741.40
756.57
771.08
746.56
742.37
727.17
784.31
733.04
664.84
725.68
713.00
809.63
744.00
751.76
782.10
715.72
845.76
699.64
711.68
694.85
692.53
696.50
761.96
787.64
735.69
789.02
856.60
862.00
859.91
751.73
805.25
841.44
739.49
542.86
774.35
751.14
800.47
275.07
475.20
758.79
895.61
766.84
770.75
687.97
750.76
738.13
723.50
787.94
686.66
741.11
686.66
752.83
792.44
724.90
781.00
766.48
757.30
765.29
636.38
702.80
772.76
707.54
711.46
596.80
714.99
738.97
718.10
690.13
710.69
724.58
900.00
546.55
771.49
786.29
715.34
713.09
0.00
0.04
0.00
0.00
0.00
0.01
131.25
0.00
0.01
0.00
0.00
620.50
682.39
0.00
0.00
0.00
97.98
463.49
527.84
466.45
0.01
0.00
523.01
26.39
121.67
579.95
773.68
770.90
571.59
723.71
686.21
552.47
788.32
666.46
743.40
746.46
0.00
593.14
0.00
813.93
0.00
0.03
532.73
779.27
120.26
193.31
175.31
347.58
787.76
674.17
745.59
281.82
136.69
589.34
511.82
726.26
720.34
707.25
123.72
640.18
703.04
733.77
816.99
848.79
814.89
851.52
727.17
506.20
778.34
692.35
636.35
64.89
555.50
0.00
0.03
0.01
0.00
177.64
531.85
734.62
738.92
777.19
707.29
744.28
718.66
721.98
776.52
735.41
703.67
726.51
702.94
700.62
721.76
759.38
749.62
730.39
695.00
702.69
735.28
