832.59
797.84
840.57
831.61
851.44
829.73
828.62
744.63
425.96
640.00
708.16
752.89
760.01
0.00
629.69
454.11
555.20
96.79
1.86
856.64
138.77
671.80
140.67
18.34
713.40
728.41
444.07
900.00
170.50
389.58
756.92
0.00
0.00
0.00
0.00
0.04
0.01
0.00
672.93
791.50
702.09
735.41
704.74
744.88
569.32
27.55
72.13
824.03
842.40
799.43
565.55
476.07
728.98
814.58
834.46
157.43
0.00
181.31
405.41
713.69
0.00
25.47
487.98
515.94
182.57
707.94
527.38
858.60
772.15
77.76
154.92
65.18
0.00
0.00
0.00
0.00
579.67
723.16
769.95
723.56
0.00
361.22
754.59
729.58
769.29
734.98
425.12
32.93
481.03
590.53
764.29
846.12
846.97
0.89
441.64
744.47
806.52
421.17
738.48
812.52
838.64
765.32
477.52
454.06
758.90
820.45
720.37
900.00
617.91
220.04
758.04
738.39
122.37
21.63
21.06
617.33
88.33
101.16
145.62
545.35
686.62
163.99
571.21
757.97
731.39
737.55
872.11
821.07
877.24
819.60
775.73
732.94
794.45
842.60
688.18
409.77
600.23
678.00
208.44
660.92
751.45
220.41
96.07
752.31
783.50
725.33
710.41
714.65
738.60
848.49
786.05
708.58
712.69
747.15
45.79
705.83
657.72
727.35
522.35
756.84
689.17
720.67
706.62
669.66
698.23
597.31
721.51
576.21
740.53
721.25
774.57
708.15
805.46
719.78
655.07
577.02
697.52
729.68
707.35
717.71
717.84
704.10
699.27
726.44
718.08
750.15
713.75
728.82
715.84
760.40
681.98
814.89
700.27
682.73
690.69
703.14
594.90
504.46
786.79
693.64
705.21
714.53
700.16
836.30
824.20
805.33
825.61
736.06
719.85
469.42
687.13
682.83
809.29
703.04
693.46
685.49
742.12
801.50
786.29
567.55
644.32
726.89
776.20
759.88
709.59
651.53
675.82
445.43
517.04
892.01
727.19
792.43
206.26
805.92
707.53
704.76
811.29
730.31
418.99
707.12
755.12
235.89
652.16
572.90
703.57
820.82
712.63
857.87
785.19
763.91
819.02
712.27
703.62
767.06
730.56
810.62
708.65
739.79
678.22
736.86
712.15
751.40
714.61
786.99
696.15
702.31
694.14
763.82
746.00
770.03
730.61
673.56
736.21
734.95
688.08
678.66
713.57
734.52
748.16
729.71
770.75
713.19
727.20
735.40
769.09
750.28
749.19
721.18
717.92
762.27
762.56
755.35
755.73
743.89
744.50
675.29
734.74
697.08
722.36
705.59
742.72
743.36
696.76
751.92
664.81
679.04
725.37
726.31
726.06
774.29
756.74
768.09
738.45
727.93
716.33
691.89
732.35
725.54
762.93
788.36
737.79
714.22
743.85
779.54
714.85
761.54
729.00
743.05
740.54
773.98
735.10
797.20
745.33
678.94
707.73
718.00
707.33
689.59
746.78
740.92
703.12
695.32
703.90
718.12
718.20
738.72
711.89
717.48
736.31
699.55
767.61
755.73
714.14
693.00
675.22
746.51
680.26
731.15
764.42
707.22
743.90
735.27
752.76
758.04
733.90
732.64
689.69
716.38
706.68
712.90
759.32
777.62
741.06
725.77
754.35
747.05
746.98
729.68
736.85
710.73
735.78
732.73
814.22
710.19
788.83
741.62
745.09
750.57
728.62
738.55
724.23
779.30
739.42
750.75
455.24
581.14
158.90
0.00
124.44
116.21
128.03
26.07
735.29
675.45
742.98
749.00
824.87
834.15
852.06
584.64
785.33
797.21
25.19
636.01
859.81
832.17
832.06
843.63
848.08
744.78
0.03
0.01
0.01
0.06
401.39
541.38
282.77
670.59
719.72
713.92
888.06
661.97
739.24
776.80
420.77
545.91
443.61
626.05
868.33
352.99
836.79
813.14
845.80
856.10
846.39
830.12
818.59
736.71
521.18
687.74
756.02
707.97
816.23
877.33
748.42
731.25
769.52
824.01
852.69
839.99
721.47
143.08
0.01
432.25
839.46
824.77
818.39
610.81
343.21
533.36
45.12
0.00
347.37
457.96
672.38
857.53
850.13
849.98
851.41
833.10
847.60
826.08
791.62
841.62
869.76
771.88
772.83
841.90
831.15
717.66
677.53
519.99
625.35
790.26
753.23
783.67
724.67
837.36
865.05
876.66
721.20
312.01
776.08
758.10
734.80
722.56
710.65
171.22
205.00
207.74
0.00
660.31
603.81
269.52
754.74
693.22
186.10
490.78
733.03
711.49
689.79
665.45
852.73
713.03
691.72
678.24
395.77
726.39
449.28
650.37
706.81
808.16
764.99
688.55
691.87
736.31
707.35
710.64
418.05
767.50
749.77
690.84
726.31
705.15
737.11
728.12
717.19
700.67
817.52
788.15
789.51
574.08
711.83
693.19
186.97
595.32
416.93
537.97
721.99
704.17
736.02
529.42
686.75
720.04
757.22
869.73
789.92
690.64
708.50
673.40
786.46
784.96
700.62
793.06
703.92
898.91
658.18
900.00
741.19
745.83
755.13
616.80
678.32
736.46
702.00
739.75
792.25
381.88
652.99
872.13
777.26
793.46
796.78
749.06
689.47
704.77
844.61
751.67
771.15
721.73
