872.72
847.57
833.27
839.04
837.94
817.01
804.89
799.40
802.13
719.63
783.68
781.11
737.53
752.35
753.16
657.25
724.44
690.48
742.70
703.53
760.18
759.26
754.32
737.81
752.62
740.14
753.14
709.18
753.81
760.69
784.18
708.69
746.00
690.78
726.17
656.90
733.15
783.63
764.94
746.33
568.11
53.42
123.92
0.00
0.00
678.35
693.94
837.32
829.49
852.42
750.64
841.82
852.55
833.48
871.50
152.86
0.03
0.00
211.98
211.70
190.99
102.31
244.44
149.89
687.14
777.20
700.19
773.53
704.32
509.22
659.58
740.47
700.41
777.13
839.24
828.07
757.41
720.13
745.33
707.14
538.89
215.96
148.43
750.37
726.67
734.99
843.39
796.47
846.00
115.64
0.00
87.38
133.76
280.74
750.77
734.19
740.03
871.87
739.57
736.65
0.00
0.01
0.00
256.11
0.01
0.00
9.68
188.52
254.35
465.20
715.23
730.36
762.59
719.56
730.30
715.08
817.16
708.06
865.22
673.71
743.29
806.02
827.90
782.70
633.79
785.80
693.82
704.31
813.38
784.83
719.06
693.42
721.61
673.89
717.79
784.51
893.28
702.02
712.34
728.79
671.08
406.60
527.07
848.60
818.24
710.23
717.10
778.64
836.15
789.65
794.21
707.29
694.67
702.96
720.75
755.42
798.23
792.63
717.98
810.85
820.62
749.08
821.06
147.67
824.87
726.66
706.67
834.42
861.46
700.42
838.10
771.03
711.98
711.90
818.47
734.33
788.14
851.64
702.83
550.54
811.93
670.65
413.62
712.39
871.79
787.25
704.65
694.09
768.94
719.92
787.21
736.44
849.26
601.03
697.68
697.96
713.89
684.44
690.83
751.37
695.58
715.97
722.91
695.13
698.30
795.91
704.99
722.80
740.02
829.97
768.87
724.36
668.18
684.17
722.78
689.24
854.10
773.62
731.62
743.97
766.92
752.47
752.80
751.92
704.72
703.55
748.89
705.43
773.97
836.96
707.24
742.95
792.93
714.31
741.61
711.79
776.62
696.70
726.96
712.33
727.66
740.46
735.89
754.50
726.90
694.95
728.49
736.93
741.23
716.04
755.82
751.61
733.83
744.17
795.19
741.09
734.28
762.90
728.06
707.86
704.34
705.21
690.88
717.80
814.85
698.89
752.65
721.78
720.69
744.53
686.58
731.52
679.48
759.51
735.05
711.36
805.92
749.12
703.83
272.70
455.54
128.29
0.00
0.02
755.10
181.86
85.17
12.59
0.00
122.34
123.29
91.08
0.00
842.60
817.48
842.18
811.36
770.42
165.12
362.93
88.53
0.00
0.00
754.89
653.04
687.94
766.67
330.97
270.54
578.81
749.24
721.70
0.00
622.26
850.74
738.45
723.72
716.16
698.96
744.66
496.18
711.06
855.45
830.22
814.80
456.15
513.24
0.00
626.23
707.52
670.20
599.59
740.42
739.05
874.89
810.17
818.64
742.49
829.67
869.82
840.31
862.89
840.47
832.15
752.46
0.00
0.01
0.01
11.75
141.74
0.01
287.90
368.18
49.50
240.35
801.88
384.88
735.09
0.01
0.02
0.00
0.00
373.91
691.88
748.15
717.37
14.90
0.00
53.88
0.00
0.00
414.74
704.92
549.77
770.74
757.22
727.71
849.36
859.62
846.52
59.60
4.67
149.53
89.96
441.35
719.89
0.01
366.88
670.68
754.74
734.01
752.68
149.01
0.00
0.02
0.00
0.01
0.00
190.55
0.00
41.84
0.00
384.31
384.86
750.35
721.26
832.53
715.19
716.19
900.00
441.02
715.25
721.78
700.56
697.25
204.57
708.25
755.54
761.29
768.90
709.68
729.91
735.35
711.07
691.37
753.76
819.31
772.57
691.02
877.23
614.41
817.07
782.29
759.05
648.20
815.70
709.89
715.00
735.24
876.10
709.41
900.00
777.11
687.68
736.40
713.20
755.19
716.77
885.72
885.36
783.46
774.31
717.65
658.90
692.72
710.74
714.05
707.21
358.04
762.86
706.73
669.11
807.83
668.89
713.61
699.37
798.25
714.86
740.47
749.97
656.30
715.39
736.69
769.29
752.10
717.62
732.30
666.16
687.26
686.67
736.51
537.86
742.15
289.55
705.88
740.22
801.87
679.11
715.31
392.23
874.22
714.89
820.90
714.63
682.23
721.52
701.02
654.17
741.40
710.17
703.80
831.00
849.11
708.30
707.25
780.55
760.57
705.68
717.78
750.67
766.35
767.46
700.58
744.33
708.71
740.43
749.93
763.29
710.42
738.87
748.56
713.83
759.78
769.21
775.75
707.23
712.70
716.68
780.98
732.04
724.50
768.87
707.51
742.83
738.98
779.49
706.09
767.56
729.96
722.79
684.34
745.89
773.54
721.08
0.00
397.88
900.00
172.09
431.43
595.29
716.25
704.29
691.29
275.82
571.79
427.60
682.68
208.12
67.61
337.43
0.02
0.00
0.00
0.00
156.51
25.35
176.40
388.39
0.01
167.00
204.54
124.40
19.27
419.01
741.02
691.27
710.75
737.42
862.54
853.53
689.02
862.97
856.75
0.00
53.63
130.17
721.54
140.71
537.82
229.21
129.89
653.52
760.89
738.85
781.70
741.46
716.73
764.43
816.22
55.46
