0.00
390.56
708.26
715.52
243.05
714.27
766.16
672.49
760.14
778.44
826.27
764.56
782.24
815.34
767.33
698.92
724.83
791.97
785.89
679.04
765.47
757.93
745.65
806.19
718.69
727.52
748.44
729.49
693.46
768.62
718.98
774.21
715.96
742.72
757.02
713.65
788.65
711.95
680.48
737.64
782.92
0.00
674.31
722.82
740.57
847.86
860.54
722.51
707.87
705.79
717.78
678.23
809.84
676.73
708.50
665.96
833.89
705.78
710.34
720.41
706.53
716.64
705.34
785.03
749.90
216.56
621.84
798.39
795.88
703.18
744.98
688.78
388.71
666.33
816.59
791.59
891.21
478.89
712.54
849.75
736.98
717.45
723.59
691.95
718.03
743.49
721.25
712.88
707.08
718.39
771.16
729.37
685.17
731.56
808.13
777.62
689.01
702.14
778.10
689.43
731.85
751.09
706.33
751.33
700.43
719.79
712.04
737.34
739.72
781.00
732.75
708.48
759.33
751.61
742.36
709.93
765.76
704.46
714.59
720.00
754.02
786.24
737.17
757.26
721.15
679.95
710.20
745.04
707.63
731.00
797.85
721.95
695.70
719.68
765.30
747.59
514.82
831.92
804.87
819.53
849.26
841.32
661.13
469.35
676.73
735.86
518.77
599.69
511.72
0.00
729.66
729.99
736.64
700.86
715.40
738.76
725.90
750.86
678.72
720.78
783.53
763.70
736.47
719.81
744.85
774.03
704.46
774.62
674.03
752.39
788.26
714.73
733.12
724.49
742.71
753.35
661.96
670.53
736.60
731.22
679.00
734.55
750.78
713.59
762.23
729.49
763.29
385.01
453.35
670.25
732.13
432.50
659.52
674.17
553.74
701.53
739.09
733.04
819.64
750.31
844.12
884.03
827.96
764.44
685.67
709.76
668.32
562.68
637.45
819.25
802.30
734.65
675.45
748.23
686.75
706.73
595.84
665.78
700.91
879.54
715.42
900.00
755.91
701.93
703.96
667.93
434.15
613.37
798.00
731.18
710.24
727.14
723.36
704.71
704.35
710.23
664.25
676.11
713.43
680.83
713.42
871.04
695.72
688.46
717.61
699.61
717.68
701.24
819.69
526.25
853.53
436.63
707.78
816.22
702.61
754.05
859.33
809.87
698.15
793.16
735.36
720.10
578.88
832.59
716.07
758.56
762.06
761.72
799.79
774.50
193.02
706.99
687.89
684.07
729.58
707.77
571.36
896.09
761.97
799.84
693.56
718.52
709.77
773.26
840.52
792.80
767.95
671.82
686.76
764.66
734.10
616.06
820.00
871.17
545.86
871.20
702.52
718.69
835.69
708.11
694.63
676.63
808.24
708.21
514.70
748.68
850.61
704.95
720.73
715.99
553.58
900.00
753.92
825.60
813.26
684.18
701.39
772.95
680.30
721.49
679.27
711.71
750.64
732.51
889.08
816.74
640.54
850.18
715.70
722.77
713.32
688.77
666.10
738.69
694.49
812.64
717.56
730.99
677.08
554.45
660.42
890.99
864.88
720.48
681.79
682.42
174.94
846.09
852.36
710.12
826.66
833.84
678.28
680.79
759.81
734.57
689.83
832.70
706.58
719.55
802.77
820.74
772.87
707.38
734.37
715.64
803.48
769.84
819.83
798.62
708.20
713.38
683.35
810.08
900.00
713.67
731.05
726.01
778.37
787.57
692.19
706.75
795.54
705.22
897.74
767.34
712.45
456.06
699.60
733.61
784.23
685.97
838.00
722.37
680.42
745.27
701.17
672.97
821.70
742.29
339.67
627.60
36.48
0.01
0.00
0.00
48.56
742.60
828.86
850.60
848.80
817.70
828.47
889.90
837.97
836.47
846.57
0.00
0.00
0.00
741.10
148.08
0.01
264.05
736.03
0.00
68.63
138.91
0.00
0.00
0.00
813.04
891.45
829.25
77.53
802.70
864.44
848.75
867.03
852.15
0.00
355.35
170.75
199.84
0.00
5.08
216.50
158.47
127.49
260.72
708.49
475.48
745.15
766.22
784.51
558.51
779.80
764.33
739.75
748.89
879.96
0.00
0.01
0.00
468.33
753.23
712.18
0.02
0.00
0.00
400.02
799.41
757.71
763.56
720.43
747.67
432.79
433.42
710.70
747.69
714.72
747.35
691.79
739.57
732.35
701.31
704.70
686.50
707.70
766.71
736.16
749.23
732.74
740.29
787.30
717.25
784.47
729.78
746.40
698.16
714.33
779.50
700.32
731.15
713.35
773.02
714.86
756.94
695.18
741.87
749.32
715.00
756.45
743.21
734.42
735.33
698.49
750.47
739.08
741.87
754.30
747.54
718.82
744.29
761.62
707.25
776.08
737.43
759.46
696.30
781.90
704.59
751.39
739.44
728.44
763.04
760.75
762.13
801.51
765.51
754.15
758.33
727.29
649.20
720.23
732.86
717.87
783.75
743.92
746.40
724.14
734.23
735.03
729.19
709.03
751.05
733.56
692.08
718.79
818.18
741.24
763.10
721.49
726.42
729.04
682.28
723.55
758.44
732.03
819.25
749.79
758.62
771.02
802.59
752.52
748.38
740.10
699.21
691.66
725.52
727.60
708.65
737.48
758.77
774.95
748.72
747.49
695.48
764.66
757.16
712.18
723.20
725.95
742.10
708.26
740.01
753.79
748.01
731.52
760.36
