724.12
715.57
755.42
750.06
759.20
778.58
720.40
768.87
748.25
724.64
831.17
841.34
811.25
887.46
130.03
410.22
311.02
702.03
857.64
811.73
623.72
562.91
763.19
529.45
552.45
463.45
130.85
847.32
838.27
760.96
734.27
720.44
861.90
837.91
743.20
730.85
827.20
819.63
846.91
208.40
0.00
0.00
130.94
0.00
0.00
0.02
0.00
0.00
109.40
797.45
706.61
855.29
854.49
837.41
836.99
838.39
848.52
838.69
798.28
734.12
707.76
775.91
728.25
709.77
0.02
0.03
573.31
852.26
832.82
17.37
0.00
0.00
0.00
0.00
0.03
0.00
272.68
343.46
543.29
816.14
624.49
732.47
831.69
690.74
438.31
712.85
698.03
826.36
900.00
720.71
355.46
662.98
706.61
717.57
707.06
696.35
708.67
289.02
755.96
687.93
856.47
94.55
709.23
796.12
722.76
700.64
733.77
715.76
737.49
751.52
735.90
738.77
769.20
769.79
751.63
735.35
701.98
735.46
715.13
690.57
740.58
722.37
717.99
744.07
732.57
764.60
723.06
727.73
761.66
723.62
693.73
735.40
714.35
759.42
739.35
747.65
739.81
713.66
746.28
748.66
772.05
764.38
700.96
708.61
753.93
751.46
755.91
737.84
762.76
189.63
130.46
0.00
51.51
47.76
32.13
0.01
0.00
0.00
0.00
127.72
450.94
757.35
808.42
857.58
835.45
841.03
865.99
31.58
835.69
175.56
62.10
245.64
0.00
0.02
0.02
0.00
0.01
0.02
0.00
0.00
0.01
0.00
0.01
489.08
827.28
521.05
456.96
726.54
719.54
822.62
0.03
0.01
0.00
0.00
83.25
70.72
179.53
86.81
183.28
214.38
467.61
416.48
861.03
690.57
705.44
820.52
732.79
669.36
636.39
520.47
434.37
563.19
0.00
0.00
0.00
0.00
0.00
0.00
0.00
0.00
730.83
752.80
711.78
740.84
731.89
209.89
0.00
0.00
471.45
814.48
161.96
0.00
0.00
0.00
0.01
490.11
630.09
769.05
807.22
833.13
778.70
468.96
747.92
778.89
63.27
200.90
114.07
135.87
690.32
717.33
726.87
690.45
752.06
385.50
833.96
861.04
859.21
853.87
693.82
730.83
799.16
873.88
807.98
746.01
863.41
851.22
832.14
843.87
399.83
400.13
364.10
718.69
781.30
544.05
598.63
700.48
726.42
0.02
0.00
0.01
0.01
0.00
0.00
0.00
56.59
814.35
58.08
0.00
218.25
0.00
723.27
734.23
743.12
107.93
690.64
755.60
711.85
717.63
724.38
749.57
681.13
773.16
758.56
851.30
833.33
772.03
718.41
749.09
729.71
775.77
692.11
0.00
0.00
0.00
55.27
0.00
19.78
510.98
489.23
838.84
861.17
831.00
820.67
832.08
727.96
744.25
718.16
717.60
125.56
0.00
395.05
33.12
266.75
781.26
728.09
477.36
269.41
720.23
381.31
131.71
19.29
0.01
0.00
182.98
619.22
737.86
105.84
0.00
0.02
0.01
829.41
860.12
817.65
826.94
681.05
688.33
737.00
0.00
0.01
374.60
743.68
793.88
747.56
796.20
721.27
738.97
731.06
720.63
762.74
727.98
710.99
655.21
754.70
727.65
713.42
0.00
0.01
153.62
0.00
0.00
0.01
242.91
122.89
869.90
871.45
815.13
853.03
727.74
59.44
337.47
419.69
534.66
737.91
757.98
738.72
180.20
518.36
229.76
85.69
583.79
724.83
746.11
707.77
815.16
733.15
615.87
728.45
644.85
860.00
502.82
103.02
161.45
584.52
761.70
727.06
759.28
740.72
723.05
728.93
733.66
716.91
735.79
763.45
719.50
759.67
701.96
748.92
709.28
717.68
714.38
759.60
748.48
728.55
783.78
757.48
747.05
739.10
730.60
720.34
733.02
703.22
719.38
724.48
757.35
747.81
734.80
829.84
709.14
818.43
900.00
831.44
749.03
787.43
816.65
790.48
534.55
687.63
820.99
692.86
780.04
793.44
687.68
697.16
723.49
670.01
696.31
706.10
706.54
583.92
690.84
707.27
796.29
882.45
829.84
777.61
825.22
816.61
706.55
865.99
671.91
708.53
802.86
747.50
739.78
816.37
741.51
758.87
472.20
715.26
736.75
775.89
360.08
641.64
713.87
729.66
801.02
768.12
682.13
352.79
720.95
744.54
685.05
755.38
694.13
850.96
780.63
721.63
723.10
712.64
720.03
673.83
679.77
266.51
761.96
765.67
696.08
737.62
686.74
699.68
699.08
678.49
846.31
678.25
710.22
726.73
730.49
735.66
756.20
777.92
719.25
815.88
883.14
748.35
686.93
676.46
827.00
816.12
814.10
746.11
753.59
721.86
732.33
749.21
684.63
790.93
732.51
770.32
713.06
770.00
712.28
751.54
691.39
742.59
733.92
742.96
764.14
735.42
707.60
732.19
729.11
753.59
687.86
713.75
746.23
723.14
703.25
693.97
723.04
710.77
738.97
718.69
738.67
795.85
721.14
745.71
775.82
738.46
760.25
770.37
712.69
717.34
830.13
713.67
720.30
732.44
698.06
712.77
710.38
722.15
754.01
726.37
751.39
731.19
729.41
695.36
685.01
722.70
772.17
748.15
717.79
