786.26
871.15
843.98
875.31
813.35
149.50
0.00
281.70
0.01
0.01
417.15
687.91
514.08
499.18
341.85
752.89
98.01
0.02
0.01
0.00
0.00
0.00
219.50
0.00
0.01
10.00
596.09
467.57
720.39
858.54
819.77
763.10
741.62
854.71
884.70
883.19
0.00
554.95
537.68
808.16
755.16
777.88
880.42
838.39
827.15
860.17
843.30
719.25
714.96
871.17
840.20
746.18
746.61
670.89
770.07
759.51
777.48
706.32
731.74
738.95
719.74
712.71
717.24
724.99
784.18
761.89
751.33
751.42
729.38
780.02
747.68
704.22
710.70
732.66
751.21
698.92
773.03
750.41
711.58
745.57
728.30
759.74
734.02
762.51
736.03
721.33
729.71
730.47
672.15
755.07
676.08
708.97
748.22
769.75
750.59
312.16
677.60
816.73
860.36
847.70
768.14
655.66
455.07
695.44
739.54
727.91
716.31
736.60
725.90
887.28
712.11
730.61
718.44
612.57
719.64
703.35
709.44
699.92
693.43
347.21
650.76
821.71
724.84
721.67
758.55
723.64
781.12
726.83
698.54
758.62
685.96
739.58
760.39
675.81
723.27
791.39
780.59
734.09
687.76
751.67
791.24
745.05
754.29
760.77
641.12
776.75
676.00
699.14
740.35
750.60
751.86
748.94
742.17
715.09
780.16
779.26
689.78
764.92
723.92
702.20
755.34
756.83
742.35
742.95
714.46
692.47
748.54
719.42
726.50
714.88
699.84
729.91
709.04
723.40
739.69
753.87
730.83
720.24
743.41
744.73
702.99
762.65
685.29
743.71
770.39
801.82
717.13
738.69
696.03
720.95
716.72
765.92
722.36
637.22
761.54
737.08
744.49
690.14
763.21
730.80
762.35
701.58
731.89
764.09
762.41
756.36
703.72
730.86
692.47
743.10
767.79
740.79
713.32
760.11
709.39
765.59
738.06
787.72
683.19
706.16
705.83
752.31
755.66
691.34
708.30
858.08
748.47
737.79
794.47
725.52
793.56
733.12
722.16
686.96
704.57
714.95
701.89
713.66
682.28
720.96
702.40
697.75
417.88
593.91
679.09
685.42
710.60
698.14
347.91
639.56
872.30
722.98
891.41
715.51
756.29
752.02
748.85
733.39
759.35
729.67
678.62
758.77
714.24
694.83
771.09
781.81
709.62
688.85
748.58
730.17
773.60
727.91
704.33
728.67
707.75
757.46
703.46
731.43
730.87
742.99
744.93
756.18
764.03
728.02
731.71
745.81
753.82
749.95
732.31
775.38
777.58
686.48
669.45
740.07
746.66
717.99
747.12
740.48
765.65
649.78
771.40
779.87
724.50
760.24
748.71
766.76
736.47
712.17
724.41
646.30
764.55
765.49
768.60
770.24
735.25
786.23
793.15
724.93
704.64
697.40
679.54
700.79
727.23
739.32
752.41
760.34
722.42
756.46
784.01
748.84
762.85
746.46
739.84
793.88
723.73
744.74
713.67
856.96
803.29
677.65
757.38
686.63
669.61
594.25
761.56
748.77
680.88
813.05
690.57
625.45
888.58
694.75
721.65
789.49
764.61
782.01
845.68
812.63
725.50
748.58
759.62
592.97
687.60
847.11
726.12
883.71
725.49
382.39
686.05
814.72
818.56
802.67
704.22
676.37
686.39
692.39
180.30
719.87
718.17
854.35
734.71
728.97
707.09
701.90
711.94
742.40
725.91
765.31
778.53
841.30
854.24
761.43
689.46
756.21
765.74
831.72
738.06
818.30
666.06
743.89
723.38
807.17
784.13
482.34
536.80
740.60
780.58
703.99
637.65
709.08
718.15
678.77
709.03
794.17
667.88
709.44
63.27
600.71
748.69
672.44
703.25
697.05
531.57
705.41
728.09
740.00
744.15
700.85
760.10
713.53
831.91
813.05
863.09
719.83
821.82
346.94
611.50
669.83
770.91
727.91
363.17
715.40
719.17
721.72
697.91
703.33
842.15
899.60
728.29
713.93
719.18
705.18
733.08
596.89
690.98
772.52
719.12
656.82
730.96
700.77
758.51
773.18
389.42
679.44
795.80
834.54
763.95
709.51
296.87
751.50
685.93
718.29
702.42
715.16
717.55
733.73
798.30
759.02
728.08
708.37
687.16
670.09
731.74
779.83
755.99
718.69
710.60
720.83
682.36
753.18
735.16
753.61
681.48
691.34
745.26
723.16
762.48
693.71
695.70
773.68
744.92
721.08
709.38
708.90
713.28
693.34
669.98
723.54
765.96
799.93
772.58
742.90
757.31
744.16
701.66
731.55
759.49
746.54
710.59
737.47
755.13
762.75
694.36
681.64
739.47
692.18
772.06
769.68
766.81
743.95
742.33
766.56
754.58
783.74
717.60
745.51
744.26
750.11
636.60
697.47
705.66
685.08
741.43
747.34
690.74
703.18
760.47
739.73
785.42
745.37
728.94
736.10
738.22
754.62
734.00
728.14
742.52
720.44
763.59
745.73
739.00
690.56
792.11
799.63
714.89
756.50
727.39
776.61
754.66
690.89
699.84
727.71
767.52
718.90
693.82
703.08
675.52
46.10
0.00
283.61
0.02
447.75
767.20
729.26
724.42
745.47
741.88
769.51
702.81
735.96
791.27
767.08
723.51
802.21
751.22
698.56
755.58
714.36
768.76
725.46
