845.05
828.12
852.11
798.99
845.19
0.02
474.96
486.35
170.98
0.00
0.00
0.00
0.55
723.98
765.65
760.69
817.39
795.99
746.16
734.13
730.05
709.95
720.02
749.40
747.42
722.40
730.96
730.49
763.27
745.42
719.59
723.17
749.60
703.19
693.59
772.13
761.02
707.81
708.32
681.55
690.86
742.11
741.40
741.64
768.43
698.46
700.12
746.99
722.69
778.61
744.20
780.77
693.48
775.69
761.06
731.66
720.03
707.69
700.18
732.86
724.40
712.90
699.98
749.69
721.79
733.07
228.01
668.34
729.44
722.24
681.59
693.46
563.21
651.12
746.93
0.00
0.02
0.00
0.00
0.00
768.16
721.68
734.78
753.65
0.00
0.00
0.00
0.00
0.00
0.00
0.00
0.00
147.63
0.01
109.24
79.49
61.06
340.47
579.69
796.27
739.40
834.45
748.40
793.87
836.49
855.12
697.32
467.85
619.33
737.94
745.62
761.99
766.71
849.73
818.30
860.81
717.65
688.56
766.17
755.57
763.81
711.38
714.46
554.61
29.47
45.97
702.90
35.11
0.02
0.02
711.47
833.97
844.89
810.68
829.77
0.00
683.84
547.77
58.61
379.09
631.34
542.52
46.12
0.00
533.56
790.49
72.50
521.56
577.83
622.33
0.00
0.00
0.00
0.01
0.02
654.41
681.75
751.12
707.22
748.83
720.52
761.68
734.74
629.31
784.27
727.64
772.01
776.19
776.53
740.70
759.28
33.65
4.48
178.80
0.01
715.54
809.91
900.00
543.55
461.26
785.14
766.37
792.06
719.65
706.46
730.18
721.95
762.07
728.32
775.77
716.29
734.03
669.48
792.74
747.60
735.88
738.75
632.22
674.90
741.14
826.09
801.79
835.08
654.93
638.43
709.82
741.09
694.55
734.06
878.50
705.43
714.95
679.38
700.13
771.86
699.11
782.01
754.65
765.80
721.61
747.23
736.07
340.22
648.25
823.15
723.47
828.65
828.81
695.66
815.33
735.47
713.70
859.79
804.67
784.73
741.68
716.22
844.18
741.26
869.23
756.25
814.37
739.10
700.85
697.94
706.32
701.40
676.74
727.86
740.91
693.79
771.91
826.24
664.06
682.08
742.70
771.25
744.99
845.40
788.53
868.77
718.01
707.11
734.72
775.97
848.92
744.23
716.54
688.64
774.81
763.85
807.73
816.63
711.89
823.62
701.32
693.54
497.06
725.80
755.07
735.29
707.05
695.97
0.01
0.00
0.00
0.00
0.00
498.66
171.77
4.97
0.00
699.23
0.00
677.08
758.88
718.04
690.95
729.15
722.70
837.74
0.00
626.77
711.73
719.94
776.15
690.77
752.08
733.31
725.85
734.51
755.69
718.52
761.31
792.09
726.36
710.84
698.65
700.34
722.06
749.24
722.72
696.45
735.29
735.23
680.52
748.36
741.47
671.84
731.15
721.55
711.91
748.86
713.86
717.72
774.52
713.27
792.08
741.07
734.07
729.61
752.13
780.79
683.03
745.97
774.15
738.12
748.03
743.41
724.18
677.65
727.20
726.67
740.62
695.97
781.68
715.34
804.57
734.93
718.22
693.14
715.91
731.63
785.57
744.88
723.81
697.29
727.17
658.78
739.19
596.26
706.27
161.71
619.15
734.85
699.07
701.57
812.18
661.99
574.58
704.83
709.65
709.14
771.80
672.38
860.11
818.92
739.80
744.21
661.22
570.81
849.40
803.40
769.94
900.00
682.36
702.09
718.36
756.25
688.50
764.30
694.93
729.26
752.52
734.92
848.94
760.95
714.98
633.61
693.04
691.89
683.17
762.95
702.93
781.43
701.73
705.21
792.83
752.13
774.67
680.04
704.13
396.31
620.86
679.50
674.29
732.08
808.43
683.99
689.26
709.49
714.62
900.00
107.14
48.58
0.01
0.04
645.78
793.74
804.76
815.00
184.97
698.69
756.44
699.65
389.74
651.38
718.38
713.28
683.58
680.38
694.85
860.44
841.84
849.95
851.00
816.51
814.61
540.80
506.59
365.15
21.85
0.00
217.77
489.11
108.45
0.00
872.32
840.90
669.74
416.94
119.76
92.67
0.00
0.00
429.88
25.63
442.59
531.74
402.71
775.54
753.59
790.60
778.90
854.65
803.44
851.45
733.46
126.74
162.42
512.59
395.36
721.77
813.27
0.03
689.88
714.77
565.27
703.39
724.29
739.98
746.43
99.75
178.01
134.51
423.90
361.78
858.97
842.74
855.27
792.67
802.95
769.14
735.97
708.31
349.19
711.13
748.95
733.01
757.38
846.13
832.36
825.95
820.40
724.45
532.36
814.77
857.08
836.68
831.91
837.05
831.53
856.73
817.98
832.82
0.00
0.00
0.00
514.42
753.28
651.17
723.48
800.39
779.40
0.00
3.52
96.90
0.00
0.00
0.02
0.02
0.03
719.54
760.26
757.69
17.15
91.82
195.70
656.60
797.35
16.57
430.18
511.90
790.33
880.36
827.65
841.74
882.50
856.90
832.20
813.04
841.34
861.31
851.83
850.71
859.09
830.88
768.02
161.43
741.07
725.31
730.68
717.19
722.64
720.73
751.37
0.03
0.04
431.01
475.70
707.53
825.81
786.44
751.92
739.79
848.45
827.21
860.55
778.80
178.83
