854.56
836.33
832.55
870.78
872.92
712.78
478.42
517.05
417.28
221.17
329.35
404.19
781.88
756.05
739.17
718.86
699.32
711.48
836.41
840.28
852.94
692.28
0.00
0.00
0.03
0.01
229.85
18.83
0.02
0.00
726.32
741.14
733.15
707.18
711.00
722.85
778.61
785.40
0.01
249.25
132.06
152.08
316.98
272.49
408.28
169.87
462.93
682.73
149.60
130.90
818.10
822.30
839.90
715.14
541.97
121.38
184.32
0.01
493.38
631.17
314.85
0.00
108.72
263.49
107.69
529.19
737.22
689.43
447.87
0.00
102.07
57.95
0.00
0.00
0.00
171.10
0.01
0.00
490.94
763.94
743.94
656.95
734.15
828.14
628.80
203.15
139.57
900.00
893.64
137.97
323.57
47.85
0.01
0.03
851.56
841.14
828.58
865.85
841.72
497.13
755.85
742.12
684.34
743.11
743.84
808.81
750.34
722.81
723.42
770.42
725.67
762.05
684.86
691.37
783.41
712.77
740.69
701.51
661.62
752.42
748.81
758.21
753.91
758.04
740.87
724.24
750.42
705.47
734.50
739.87
755.32
772.31
698.49
727.23
732.67
700.29
725.28
733.44
782.18
742.62
698.69
764.16
798.24
746.05
700.54
723.97
742.96
723.13
742.02
760.40
742.48
788.54
704.23
693.15
685.94
718.20
725.71
759.16
778.08
741.65
734.54
704.35
767.81
774.25
757.60
774.78
771.85
680.02
750.31
746.81
718.82
711.58
750.99
704.74
694.93
693.73
701.36
756.67
773.75
687.65
653.96
727.97
598.89
703.21
741.11
728.41
883.09
728.22
341.02
612.14
756.09
693.22
757.43
678.82
414.02
558.33
711.41
706.65
687.36
814.02
783.49
522.37
640.71
732.31
726.12
741.74
681.28
735.02
693.47
731.86
760.51
697.64
748.11
768.37
774.08
786.52
701.47
742.70
757.68
754.88
746.09
719.47
753.85
734.44
691.78
751.14
767.03
753.41
698.00
673.46
725.89
762.10
768.07
696.07
744.23
721.12
772.44
718.68
743.90
696.18
740.38
722.54
769.75
747.79
701.62
723.63
727.13
735.54
702.24
750.27
757.20
778.01
0.00
0.03
0.00
0.00
18.19
0.00
0.00
821.24
837.10
473.46
729.37
849.38
821.60
782.89
0.01
0.00
143.73
0.00
302.28
302.32
785.11
819.22
742.00
646.09
542.44
225.27
613.81
725.57
710.16
831.97
859.91
835.71
799.31
832.83
850.23
843.12
0.00
187.98
140.74
0.00
690.20
713.80
704.25
708.52
736.47
759.07
449.19
222.62
65.82
369.00
753.31
24.04
147.54
269.29
515.49
822.68
37.09
100.18
629.23
111.22
546.57
460.34
199.09
101.14
0.00
0.01
0.02
498.67
557.22
494.10
738.06
503.45
482.86
762.85
723.64
790.99
20.74
0.00
0.01
735.32
803.99
834.71
830.17
792.21
542.73
719.46
581.83
641.76
767.65
499.53
602.41
834.35
718.23
728.94
7.28
715.83
225.66
533.12
684.94
759.64
772.91
389.54
640.49
765.25
740.92
660.20
262.80
33.01
114.59
740.19
719.79
400.14
391.55
717.88
772.06
741.81
24.92
721.26
649.92
666.74
766.35
767.77
722.91
845.71
841.37
853.01
761.25
688.91
1.89
726.21
689.68
623.00
745.89
562.77
667.00
748.95
730.21
746.14
854.20
687.40
861.21
843.60
822.44
846.55
849.40
822.66
854.33
844.09
226.99
366.40
442.19
370.22
723.05
683.13
700.07
519.56
744.69
735.49
735.16
746.50
774.14
707.30
717.51
681.42
747.00
752.46
707.26
736.00
743.49
754.40
725.36
757.83
681.92
705.83
702.72
802.55
776.97
665.61
732.23
742.32
737.54
706.41
708.20
767.48
758.80
749.25
765.56
754.19
704.27
787.77
705.36
739.07
721.25
777.06
790.09
699.46
753.77
734.97
763.17
802.29
732.33
755.14
697.92
714.84
757.51
766.65
737.66
755.52
753.40
705.13
753.52
721.68
735.13
723.13
725.73
743.99
746.06
724.15
771.15
771.69
680.51
805.68
765.32
789.52
788.95
736.78
704.24
759.62
740.29
682.82
727.68
681.65
747.88
658.99
848.54
694.86
738.14
764.73
714.45
766.10
720.46
690.08
843.85
799.41
719.35
691.45
672.21
700.89
689.78
714.91
698.71
816.75
798.01
751.79
618.38
39.58
231.59
192.01
0.03
0.02
702.22
739.34
761.30
720.21
833.23
812.47
319.56
705.54
823.26
456.67
649.49
750.36
694.10
708.17
683.02
655.45
739.13
694.01
589.51
821.70
686.08
705.26
725.93
664.57
721.80
757.31
727.96
706.15
710.71
721.61
792.57
733.11
708.45
664.58
823.78
781.77
825.08
866.85
878.62
781.41
761.11
709.65
730.76
698.94
458.57
707.15
786.84
781.60
735.55
714.12
721.87
690.06
820.60
726.82
671.44
801.97
838.70
821.66
229.31
573.20
708.74
705.09
697.88
764.73
886.59
900.00
680.62
642.11
573.05
740.83
686.18
476.01
828.89
728.07
684.71
709.89
409.85
448.84
722.89
767.89
900.00
721.45
669.92
88.66
605.14
668.26
648.38
694.06
