806.97
860.37
740.15
847.37
849.43
39.62
106.36
6.37
806.81
733.76
776.31
700.52
859.98
777.39
825.64
860.94
812.19
848.58
877.01
822.66
729.78
712.90
106.94
26.73
654.71
489.40
844.06
136.31
433.92
82.47
743.02
764.34
749.04
773.71
99.64
0.00
0.01
0.00
852.74
736.41
794.42
779.19
481.89
0.00
84.68
758.18
405.84
223.24
1.78
138.53
0.00
395.87
900.00
738.64
191.40
0.01
552.07
711.23
761.55
736.28
716.83
712.03
744.54
684.01
749.83
188.13
172.12
102.82
267.27
639.39
207.41
740.30
0.00
0.01
242.25
251.21
113.11
115.18
0.00
110.55
590.15
772.92
728.38
761.55
734.76
684.27
729.27
704.40
709.21
688.07
715.40
736.46
776.46
746.95
726.25
711.85
775.75
791.84
679.85
744.92
761.62
724.34
701.46
710.27
704.23
750.56
709.73
735.71
720.46
653.98
714.88
736.36
733.21
704.18
743.59
745.56
682.07
762.43
736.42
732.21
718.67
764.59
773.41
779.84
765.38
721.12
742.62
755.79
744.77
705.05
739.61
739.87
732.45
755.90
725.47
758.47
725.72
711.37
776.89
732.86
725.47
729.89
700.34
738.74
718.24
730.00
710.38
688.39
735.20
751.39
719.39
669.22
727.62
706.67
729.13
715.03
677.71
700.76
705.43
696.65
716.39
703.60
680.79
775.79
854.41
701.20
715.37
673.10
736.67
774.36
806.20
695.74
676.34
829.39
679.94
786.75
735.19
718.04
728.82
843.37
528.94
820.27
797.05
682.36
679.49
665.70
171.35
568.79
133.08
217.91
0.01
841.04
852.91
80.81
539.40
117.41
0.00
652.75
0.01
189.81
121.45
148.23
212.79
95.57
0.00
0.00
851.35
851.06
827.22
883.54
596.49
557.91
310.38
684.07
186.92
868.20
823.03
880.49
532.34
176.82
88.61
0.00
0.01
56.27
714.32
541.56
866.57
849.88
839.31
710.39
512.88
0.00
22.65
151.30
394.11
162.65
361.41
538.53
837.06
819.38
737.72
727.72
748.54
706.85
662.72
721.37
793.39
871.18
758.01
832.93
830.68
841.12
864.13
835.49
777.53
753.02
779.52
780.64
850.54
806.34
852.04
522.06
188.41
0.00
146.90
246.15
706.50
441.74
327.89
703.55
745.36
732.47
685.64
83.80
537.51
617.98
767.55
636.91
216.53
738.83
797.69
697.93
823.61
857.03
854.01
833.66
830.84
702.35
710.65
763.47
17.54
116.86
538.33
813.46
709.16
707.60
735.69
726.21
699.06
718.97
735.88
715.18
711.67
54.91
665.17
707.47
800.34
694.30
748.18
783.51
855.31
830.99
809.07
654.93
683.98
870.43
708.32
822.59
832.48
615.59
676.70
714.37
693.24
712.53
857.78
842.19
702.69
766.29
578.25
682.65
844.53
717.91
700.55
817.67
700.40
732.93
824.23
900.00
753.98
740.97
700.19
675.72
814.63
336.42
636.63
703.70
681.19
334.34
602.57
691.94
759.47
899.43
709.52
695.10
694.09
835.05
737.37
830.68
698.85
725.21
375.04
806.56
197.57
585.52
743.79
752.30
751.47
783.34
790.22
710.95
686.91
742.95
847.30
699.04
851.83
688.45
768.47
831.23
723.61
799.78
792.70
752.20
810.01
738.03
653.94
728.81
816.94
390.48
233.55
51.20
636.52
408.67
94.89
360.75
0.00
0.00
0.00
0.00
393.53
67.07
340.73
314.91
484.28
732.21
736.89
785.40
821.06
825.46
734.65
530.21
619.35
734.85
240.07
142.30
0.00
567.57
730.26
354.91
0.00
567.71
197.16
724.55
729.35
448.26
608.44
0.00
548.18
866.70
763.75
739.47
741.54
728.20
740.57
767.82
754.22
835.09
808.99
0.03
0.00
641.10
87.65
101.38
54.83
0.00
0.01
0.00
0.00
101.30
765.94
184.78
656.67
13.75
861.97
859.42
797.88
850.28
830.27
853.78
853.88
853.12
839.84
668.33
719.03
625.24
685.66
405.26
701.02
771.45
732.37
811.40
755.41
557.80
578.19
804.89
838.75
715.43
827.30
857.13
763.96
728.73
760.08
813.55
833.25
900.00
816.83
824.12
858.08
614.32
564.32
722.79
678.40
900.00
876.90
778.52
790.85
736.91
764.70
848.08
707.99
719.46
694.88
135.46
620.29
316.58
576.56
769.65
789.21
691.10
730.59
152.10
661.72
760.66
898.17
730.47
821.72
827.93
792.86
854.35
701.38
697.29
339.81
718.90
746.78
611.32
713.50
718.97
793.48
702.72
731.46
697.03
716.32
791.66
768.04
838.56
742.25
688.40
745.89
869.35
739.84
771.39
695.70
736.03
738.81
719.39
721.57
797.86
679.08
745.51
800.55
696.27
885.77
718.71
701.34
711.37
866.14
676.19
505.84
686.07
775.82
766.52
533.01
736.11
692.92
705.10
753.82
687.09
698.19
710.22
701.84
696.18
751.58
630.61
591.30
797.08
721.83
737.65
699.42
683.16
726.50
677.19
853.43
678.50
799.30
866.87
783.44
713.07
709.81
822.27
735.99
748.58
745.96
699.85
716.15
775.14
689.59
673.48
741.02
775.72
752.83
700.33
