708.65
900.00
104.89
143.68
117.00
0.00
0.00
0.00
0.00
0.00
343.90
9.45
715.75
780.94
864.58
824.80
844.40
0.00
386.30
578.46
581.61
0.00
494.74
116.66
122.31
0.00
259.36
162.10
71.44
810.85
705.68
694.03
750.25
770.31
730.33
848.84
0.00
375.28
765.39
725.70
725.70
855.50
723.18
773.50
844.72
788.65
760.10
728.22
726.54
604.15
707.89
0.01
0.00
0.03
0.01
0.01
0.02
841.58
886.58
0.00
168.94
660.68
588.10
300.45
682.21
0.01
405.73
719.48
765.50
698.04
731.14
733.10
457.47
0.02
71.31
0.00
753.58
493.51
629.46
295.08
138.96
0.00
152.01
867.46
751.18
368.68
721.66
231.06
417.38
737.48
680.49
794.07
568.27
240.86
0.55
0.01
834.14
670.20
713.49
778.52
704.78
796.55
835.79
719.64
727.73
384.52
707.55
709.76
839.13
872.18
701.77
646.74
718.38
715.42
23.04
692.65
690.32
716.59
895.07
806.14
846.54
702.89
727.40
790.98
883.75
776.46
796.80
727.51
727.42
694.10
736.73
838.49
650.93
894.29
787.75
757.31
705.21
727.84
609.29
676.26
686.96
25.00
834.69
834.80
872.00
836.59
831.36
662.31
752.02
189.55
733.72
730.65
794.42
731.92
725.40
729.59
760.98
783.31
736.61
773.58
747.61
723.46
732.87
721.67
776.57
743.95
744.81
746.58
742.00
715.86
697.57
732.39
700.78
720.69
728.50
707.23
761.98
689.60
746.77
700.19
725.14
716.62
740.38
713.84
726.57
775.36
705.08
735.11
734.57
709.90
711.18
696.00
762.82
723.25
704.83
779.88
735.95
701.49
769.07
650.78
720.95
722.18
717.00
724.78
710.32
736.68
724.35
728.62
563.31
90.20
108.49
586.98
654.17
784.32
134.78
0.00
0.00
0.01
0.01
743.29
741.53
690.14
848.13
830.49
548.25
858.97
839.30
896.03
446.61
733.52
639.16
688.70
145.08
380.99
406.41
718.35
745.14
83.36
219.60
81.75
653.20
542.57
3.71
455.62
225.20
0.03
0.00
118.42
137.20
14.72
160.43
134.91
144.20
67.02
161.99
0.00
321.68
619.44
713.61
741.01
699.42
719.04
703.40
797.80
870.92
706.48
714.84
676.58
682.70
679.63
735.06
685.77
726.80
682.02
729.30
701.96
887.13
711.63
794.83
726.28
698.41
745.31
709.18
412.05
548.78
701.51
736.92
723.90
806.76
815.03
746.23
662.88
790.48
788.21
825.74
854.76
700.39
707.33
354.67
662.57
769.17
900.00
711.89
702.99
733.04
716.03
780.14
729.81
664.84
808.98
694.06
733.57
478.66
716.30
229.51
730.34
768.88
711.47
766.54
719.46
760.64
686.67
718.15
538.88
718.80
707.97
725.27
759.57
806.73
844.60
715.45
816.97
383.36
582.75
730.17
728.69
728.98
801.40
835.32
684.82
830.42
807.70
710.08
711.34
714.40
708.44
699.75
737.37
704.83
681.59
672.63
267.59
691.97
702.53
718.38
255.52
447.62
718.88
774.41
683.21
692.94
707.38
785.24
786.53
895.08
824.26
801.21
744.78
713.44
721.60
848.13
715.58
712.70
710.66
842.39
784.54
703.15
379.12
694.42
785.10
710.74
670.46
725.93
699.16
599.72
758.99
785.85
703.15
712.74
339.62
685.42
715.62
681.80
880.12
711.91
677.22
696.50
754.38
711.46
700.09
780.60
809.79
812.07
705.19
705.09
704.83
736.59
772.88
769.00
724.36
733.02
706.44
644.54
674.56
773.46
752.13
758.53
728.97
765.03
719.89
679.90
757.14
749.23
776.84
743.22
723.52
699.45
689.28
745.13
737.67
715.70
682.69
752.44
740.37
723.71
753.97
488.32
746.79
696.79
740.52
711.74
749.12
838.34
806.73
712.64
755.18
703.24
815.75
438.39
588.53
844.84
732.95
725.02
730.93
722.92
697.96
772.91
791.16
691.40
719.64
16.10
671.20
701.38
489.96
731.23
697.13
703.00
745.75
790.38
627.46
723.52
763.85
227.49
807.51
815.75
789.25
777.66
686.16
432.03
541.64
718.10
734.11
693.05
763.57
675.14
726.75
716.39
698.78
728.53
727.46
756.16
711.51
800.64
720.46
737.64
724.60
133.39
741.65
730.91
658.06
628.17
764.17
773.67
793.67
713.29
813.77
737.59
815.16
828.35
524.16
736.11
690.20
664.37
745.59
716.92
706.27
892.88
798.05
679.60
793.23
695.02
682.83
587.55
702.16
732.23
702.27
749.65
839.50
713.00
812.76
782.31
803.34
774.48
806.55
691.64
796.51
718.29
695.84
734.30
844.09
737.09
648.59
821.41
699.54
741.69
827.38
699.80
708.62
811.54
900.00
775.64
856.94
756.02
697.59
611.02
836.81
802.17
718.12
722.34
727.22
732.60
703.88
662.79
705.27
733.63
708.35
749.95
690.80
685.13
261.86
372.83
472.18
665.14
719.09
728.19
820.22
772.35
701.81
370.69
701.75
778.42
730.97
666.48
714.01
726.53
706.58
862.99
745.15
711.75
735.12
716.95
678.30
502.65
519.69
801.86
747.94
725.19
724.53
779.21
721.57
