0.00
0.00
0.00
440.20
478.34
734.94
781.58
760.15
839.43
831.58
684.61
714.10
796.47
760.38
704.42
788.77
0.00
0.00
0.01
0.00
0.00
214.09
85.40
340.82
577.11
762.93
698.51
720.92
629.13
748.66
749.58
715.15
900.00
466.46
420.81
786.85
791.66
740.46
684.45
717.40
739.13
721.96
721.90
887.02
770.63
793.43
757.54
774.42
706.48
736.62
686.64
706.68
708.24
692.67
732.48
816.93
681.45
582.92
706.06
659.18
629.30
787.87
740.31
686.23
720.02
703.13
449.99
605.19
683.51
718.07
718.65
676.62
681.38
760.69
781.38
345.20
585.92
780.75
794.91
701.45
373.49
704.94
760.08
702.49
803.37
855.30
743.35
718.47
787.81
739.06
717.67
734.23
726.47
736.00
578.27
729.30
679.59
493.93
647.34
727.75
763.57
715.67
857.05
678.68
629.53
749.25
739.50
664.19
783.11
683.49
725.93
708.00
493.33
640.79
734.43
695.85
79.12
598.05
707.58
852.89
666.03
821.68
716.35
695.75
161.60
507.37
666.90
900.00
821.91
704.22
704.16
706.62
637.49
720.22
703.99
770.46
696.90
843.48
705.25
689.40
150.77
129.19
135.67
76.55
166.17
164.19
87.32
0.00
751.56
720.51
750.73
757.38
855.48
833.06
747.73
797.03
734.82
748.73
770.60
723.31
765.23
735.70
174.94
113.38
62.12
216.74
318.60
94.60
503.18
754.43
741.31
767.14
715.77
711.80
666.55
395.80
750.58
536.55
697.35
726.41
773.76
704.94
318.68
501.02
846.12
840.53
87.63
482.97
572.90
236.53
682.91
694.19
755.53
815.77
687.90
782.68
772.04
738.40
749.30
722.24
724.28
738.85
771.00
855.20
634.85
832.84
824.39
828.34
861.93
778.34
747.64
690.95
831.82
854.88
876.80
817.65
111.98
124.29
243.54
229.96
51.41
114.95
768.24
540.47
670.27
859.33
820.21
836.25
870.55
873.39
832.47
854.22
710.37
717.99
0.01
268.37
310.66
101.72
79.77
469.48
798.32
839.92
859.07
187.65
317.49
716.30
696.66
743.33
705.61
865.84
811.81
683.97
731.33
720.35
791.84
708.44
746.90
834.25
853.56
879.76
655.02
751.86
764.01
761.59
785.06
788.13
737.79
721.48
802.27
698.88
736.17
736.89
754.62
715.16
698.58
709.80
720.09
739.63
741.82
698.25
740.72
715.52
696.48
758.24
747.71
741.16
767.16
720.64
689.17
788.05
760.63
20.81
417.01
653.56
441.55
382.08
324.07
707.93
725.57
745.30
854.44
831.02
779.64
767.54
734.61
729.27
735.13
715.98
693.04
717.96
797.81
751.23
761.95
707.12
687.89
714.36
702.29
753.35
730.10
733.36
734.49
749.92
807.53
740.65
667.92
734.30
755.12
762.34
698.06
708.45
753.50
726.71
759.30
722.05
782.67
761.80
701.48
721.34
776.46
700.09
754.41
675.63
692.50
746.85
668.28
696.51
760.20
762.54
721.20
705.58
756.23
713.53
783.56
752.92
735.38
737.44
759.94
694.65
779.15
691.29
0.00
0.00
0.00
0.00
0.00
776.48
855.17
848.78
808.36
814.69
0.01
450.81
710.17
766.97
849.89
569.82
103.36
0.00
0.00
219.31
816.15
826.41
834.98
823.05
836.00
819.57
725.99
821.83
835.92
835.71
837.06
855.58
806.75
839.34
754.90
844.26
791.88
0.00
421.04
78.81
683.11
618.31
632.52
401.94
320.61
811.10
820.98
314.19
0.00
63.96
676.68
204.73
652.58
426.91
333.05
149.23
540.66
688.17
693.68
682.41
845.57
840.68
847.59
862.97
831.44
862.20
855.85
739.33
0.00
728.40
751.74
740.56
731.10
758.52
586.32
324.35
699.08
794.27
732.34
847.01
796.87
842.10
420.23
766.53
581.87
863.14
154.96
538.93
803.08
851.41
841.78
772.39
680.00
732.98
670.54
749.55
785.66
696.04
698.35
900.00
701.92
785.19
695.98
764.96
839.01
656.99
660.87
694.51
715.85
738.43
689.66
715.86
707.30
730.98
768.33
817.49
47.80
665.57
778.21
785.02
729.72
533.95
682.49
640.00
711.52
684.85
697.03
760.91
444.36
722.99
738.34
741.50
312.88
666.54
702.70
720.79
694.44
307.16
647.89
864.46
731.99
744.83
704.22
768.96
680.51
703.27
691.79
713.33
575.21
704.51
818.75
718.32
760.32
706.68
745.82
791.22
680.01
525.93
695.58
900.00
703.84
703.71
703.93
726.31
719.14
711.53
722.77
900.00
728.18
695.43
680.62
726.92
708.51
838.06
735.79
764.68
744.63
712.43
697.63
715.30
689.35
262.51
606.41
694.50
735.22
703.33
720.50
655.29
694.95
826.89
709.98
694.92
728.41
701.00
729.53
456.93
777.10
640.47
712.76
674.14
690.35
717.74
628.19
803.99
821.43
688.43
698.63
736.02
828.63
708.62
683.48
713.76
699.07
858.26
699.73
704.16
699.15
695.91
693.99
718.15
863.20
712.14
714.08
697.70
335.00
722.49
690.91
720.72
733.06
702.65
712.89
823.83
701.80
733.71
792.18
799.77
864.37
716.33
705.87
735.72
