846.81
820.35
856.18
825.26
815.89
858.61
854.31
873.89
823.58
581.09
531.81
696.26
385.79
825.63
732.95
706.07
655.36
565.71
684.47
510.95
145.31
31.33
82.20
3.44
0.00
220.66
43.05
527.96
627.62
545.03
646.99
747.09
732.78
865.50
849.74
826.35
776.80
612.33
603.80
731.65
716.04
0.00
0.01
0.00
470.42
730.84
878.25
18.04
532.06
728.71
837.73
887.98
0.03
0.03
49.68
0.00
0.00
0.00
0.02
0.00
0.00
835.54
825.29
851.64
871.02
867.87
895.27
788.25
858.90
834.29
822.75
833.04
834.08
775.47
840.14
98.13
585.47
462.77
827.88
835.36
86.22
0.00
0.00
855.85
823.14
669.28
752.85
150.92
24.12
517.82
734.92
702.64
734.22
738.22
784.89
575.08
368.77
752.36
702.89
697.08
752.63
564.68
560.17
0.00
0.00
0.00
0.01
0.00
552.02
738.64
805.82
743.97
732.07
701.47
733.13
0.03
0.00
0.00
0.00
58.98
62.70
474.79
579.29
534.17
0.00
0.01
368.51
772.09
744.01
576.47
724.71
734.01
854.25
688.77
745.83
358.57
145.43
0.00
49.35
90.91
0.00
0.00
0.02
0.01
0.00
665.67
159.01
745.26
700.99
737.88
674.55
855.06
845.98
849.58
729.66
787.32
0.00
841.34
855.17
860.82
846.85
900.00
323.20
689.54
5.46
877.63
463.16
588.29
124.74
13.24
172.06
164.64
189.20
159.55
784.88
720.71
740.89
836.61
849.36
853.32
826.39
848.24
804.93
0.01
0.00
0.00
82.16
0.01
203.61
0.01
507.62
523.96
814.53
829.76
841.70
825.18
154.18
71.73
613.37
226.66
612.74
786.65
382.56
764.33
562.02
374.55
704.57
744.44
537.60
747.14
0.02
0.00
0.00
487.20
730.20
736.65
742.95
474.14
61.71
754.74
416.55
620.70
711.32
718.94
734.60
848.33
711.48
754.09
733.04
494.37
710.83
718.43
672.07
719.52
699.09
716.37
685.64
787.89
767.72
734.03
864.87
700.36
683.08
865.55
759.37
759.45
714.69
750.84
745.10
709.10
757.99
686.74
737.25
747.30
742.53
767.58
746.98
715.03
734.36
688.60
694.44
800.00
714.41
757.94
741.30
674.35
739.23
770.46
742.65
720.40
776.87
745.38
691.04
721.53
739.78
798.62
715.92
742.19
762.62
748.74
748.92
753.01
740.65
719.59
694.56
722.01
686.76
750.54
735.13
736.17
702.68
514.90
605.33
741.41
688.14
674.04
807.39
730.52
705.85
760.65
826.86
801.84
843.40
861.38
645.75
706.01
773.89
728.72
733.00
715.91
304.70
588.66
827.47
660.01
706.01
726.60
722.97
666.01
701.68
703.01
694.54
130.88
675.48
697.24
830.92
702.05
784.91
735.28
603.12
708.24
745.19
727.31
849.48
759.16
757.62
862.48
769.97
627.77
882.67
720.21
900.00
878.39
743.79
664.30
784.76
770.63
747.35
694.02
802.47
726.03
695.95
638.68
823.93
677.01
689.23
692.71
701.34
717.20
724.71
297.98
463.73
702.51
705.91
765.86
687.13
742.81
709.04
767.85
735.84
399.33
709.23
756.02
758.63
792.14
859.86
768.54
637.59
725.79
670.74
694.13
747.46
715.66
703.62
836.58
672.58
728.23
761.67
551.26
729.84
674.49
773.85
271.81
715.69
710.65
728.80
682.49
398.50
858.11
826.44
835.32
819.43
755.41
826.05
809.80
730.37
708.30
716.23
684.87
734.80
706.80
15.26
0.00
63.68
167.48
565.83
790.26
822.98
788.53
718.80
187.56
565.42
692.45
745.02
817.83
309.88
797.60
708.09
680.13
717.12
692.77
726.02
718.64
451.21
682.23
693.34
838.72
711.48
426.32
676.49
727.34
806.72
815.06
828.52
675.98
737.46
681.61
696.18
845.06
362.62
596.72
728.82
799.92
773.13
763.09
789.69
779.13
682.63
900.00
698.30
728.64
703.34
737.32
700.17
679.72
470.83
503.19
609.00
826.52
708.94
710.68
728.18
770.21
776.56
744.79
679.09
199.22
643.72
847.85
693.74
683.58
753.39
743.41
687.66
738.00
719.71
693.33
727.79
683.65
745.83
720.65
712.65
753.99
718.52
683.48
732.58
668.82
742.50
712.83
757.65
749.70
820.96
782.11
730.94
710.49
777.67
725.08
665.60
739.12
693.15
699.12
746.92
678.95
753.32
825.98
697.44
741.47
699.23
679.33
714.43
727.19
710.07
741.14
718.39
723.56
764.26
681.37
754.01
693.54
726.47
677.11
686.67
769.18
738.32
710.55
796.25
722.79
742.27
717.40
784.56
803.20
674.11
730.82
758.13
779.32
753.00
790.17
744.94
711.54
705.21
744.63
746.28
683.91
699.44
737.95
756.31
673.08
758.44
738.68
735.47
760.96
776.99
749.73
725.09
699.68
680.76
733.41
733.53
768.51
802.75
744.40
739.08
692.78
700.24
785.29
749.93
750.62
734.32
761.95
735.42
687.21
701.96
675.01
754.94
757.27
768.16
729.80
488.96
793.36
825.74
849.46
851.66
530.58
683.08
736.35
831.34
867.37
854.65
710.94
900.00
718.33
