714.33
90.77
87.31
154.66
632.37
751.93
733.65
746.98
715.78
849.87
844.22
670.72
740.53
815.04
735.90
881.65
822.61
811.78
828.61
850.73
825.69
852.69
887.63
824.29
841.19
344.23
871.07
852.54
717.41
851.65
875.76
851.56
685.56
849.73
840.44
820.08
116.19
373.94
73.60
738.92
747.07
782.31
786.90
728.18
0.00
511.80
99.33
153.71
0.00
0.00
0.00
821.40
843.37
850.73
739.38
710.08
774.63
851.40
871.13
810.95
867.24
844.56
831.60
872.57
812.50
27.19
0.00
0.00
0.01
264.00
880.83
742.37
420.21
702.50
746.17
777.59
730.30
739.06
721.30
851.07
854.20
847.39
823.73
734.82
703.21
868.22
853.34
839.19
0.00
535.73
746.22
407.98
493.65
672.10
697.13
750.52
757.37
197.08
574.87
466.27
770.05
846.27
832.56
836.55
824.49
848.36
814.56
845.48
807.69
842.04
555.42
733.84
637.21
747.11
826.46
837.64
847.68
810.63
736.83
576.10
707.48
731.39
733.28
524.04
387.52
196.72
460.41
291.12
0.00
99.53
0.00
135.17
444.66
70.58
143.29
0.01
535.44
544.57
687.95
598.94
226.18
117.19
184.61
0.00
334.99
852.26
859.03
819.71
778.04
505.96
726.68
851.10
842.37
836.25
691.63
712.07
728.62
741.76
697.58
735.33
691.86
727.61
691.75
744.85
736.18
736.30
779.10
701.15
687.65
735.92
725.70
681.84
730.88
720.76
696.75
734.42
716.49
704.85
671.18
745.75
753.35
688.08
724.48
728.19
784.31
708.44
721.32
708.74
762.38
687.37
721.72
760.11
739.25
750.40
736.33
771.38
731.77
675.83
748.13
732.93
742.15
739.33
749.97
777.73
728.55
750.51
736.67
773.25
755.93
784.88
728.87
738.50
58.95
190.64
68.82
683.26
772.47
718.01
717.62
802.13
827.97
823.01
850.73
826.24
843.17
838.64
863.20
0.02
0.03
72.28
391.49
773.86
506.40
283.22
696.01
762.22
725.21
643.85
677.12
900.00
703.17
133.48
593.97
795.50
794.57
688.48
674.34
729.90
690.60
672.28
719.00
739.22
866.26
771.83
691.23
733.15
830.52
699.25
695.88
805.83
760.72
710.54
722.39
734.83
733.40
729.38
735.01
762.72
722.79
699.16
694.45
742.85
675.58
835.50
697.75
672.46
713.60
713.97
757.28
782.90
773.92
805.46
849.32
713.26
701.49
758.11
557.38
723.63
719.52
714.23
744.33
735.54
707.04
612.95
673.79
681.60
745.74
799.20
707.94
557.83
0.00
582.60
723.00
715.41
773.52
766.32
709.23
248.57
152.07
622.61
470.26
735.47
795.50
854.47
695.15
217.68
686.25
698.38
48.29
705.61
775.64
0.01
56.40
73.18
792.35
733.61
717.06
746.28
837.36
838.34
825.65
51.03
38.54
118.57
0.00
244.14
9.82
880.01
832.31
867.95
834.62
844.11
848.52
836.90
26.28
887.87
391.98
826.00
842.77
362.27
738.61
759.42
694.85
844.34
675.19
161.47
716.08
698.38
746.64
726.54
765.98
703.37
712.27
728.42
744.50
758.90
779.07
700.86
759.50
670.43
698.61
728.11
707.67
732.93
759.47
731.55
740.35
764.34
723.22
710.36
747.68
778.25
754.80
718.76
686.00
758.71
728.28
786.98
786.50
771.68
743.40
724.58
769.91
732.61
733.83
726.98
763.38
672.91
743.72
735.26
713.08
727.84
734.10
730.86
701.65
691.99
686.89
757.33
775.04
773.48
674.42
658.47
693.31
706.79
718.68
780.95
737.77
736.83
787.47
798.26
716.17
702.04
756.69
696.95
776.98
734.71
731.99
694.51
686.57
734.04
797.89
734.15
763.07
698.71
696.66
665.28
714.91
696.33
727.43
740.22
769.47
758.69
751.88
735.77
767.99
695.17
725.71
732.21
746.01
699.48
725.47
738.38
698.59
731.45
703.35
722.71
678.66
691.48
662.89
703.70
737.65
708.99
735.14
694.76
718.86
696.69
695.65
768.38
728.14
692.64
745.89
767.66
731.54
725.85
770.89
736.66
752.15
713.59
752.93
739.34
736.02
719.94
690.05
752.10
767.52
806.53
693.10
728.85
688.95
647.29
814.26
707.69
759.76
655.83
727.97
492.45
546.41
756.14
729.52
836.98
717.05
898.15
744.15
696.49
737.80
712.80
722.38
893.01
808.64
686.75
827.37
797.94
900.00
785.84
719.26
746.07
723.47
715.79
757.75
746.42
763.20
727.47
765.38
679.18
726.16
705.40
750.34
707.06
793.30
716.33
726.76
709.13
710.26
760.82
743.02
717.48
727.84
722.38
774.90
767.61
755.90
780.38
795.02
713.41
705.10
776.54
699.36
760.63
744.59
792.60
729.12
713.92
702.92
782.97
700.89
733.52
716.38
689.49
704.55
735.64
730.45
782.89
703.39
704.40
722.40
726.68
705.83
780.62
777.23
716.68
744.50
726.38
708.61
700.63
741.55
748.25
750.79
842.66
732.63
722.28
755.98
724.98
724.66
810.51
386.15
524.41
693.63
772.12
764.37
692.21
636.20
854.25
707.01
718.47
698.06
702.24
743.56
732.22
770.16
727.11
