760.80
768.54
710.30
731.17
590.28
125.91
0.01
327.44
626.83
110.80
68.76
154.78
0.02
750.73
751.50
132.67
719.44
732.31
726.89
777.14
844.16
764.63
762.92
90.01
0.00
0.01
0.04
456.55
49.95
181.02
138.90
528.17
0.01
0.00
0.00
131.23
570.09
680.95
49.99
413.73
740.58
701.79
717.95
734.40
723.96
745.55
695.64
0.00
477.67
741.66
762.78
870.53
836.27
730.73
762.55
720.42
900.00
846.07
752.96
841.19
557.73
22.27
17.07
465.15
678.71
0.00
668.45
697.07
757.77
517.58
457.50
710.26
691.91
859.59
846.00
745.89
851.12
772.96
763.60
643.61
727.72
761.62
753.12
859.26
837.74
840.27
817.82
824.90
808.97
737.48
0.00
0.00
140.92
779.81
795.86
718.95
742.96
713.55
789.61
708.46
818.36
822.41
826.40
0.00
554.69
768.99
748.87
760.03
32.58
67.43
412.62
720.50
830.17
858.05
829.87
722.94
703.96
798.77
873.28
788.88
92.65
667.56
790.22
857.85
843.19
849.95
836.75
881.40
658.30
680.64
820.67
839.48
739.73
755.03
744.52
750.75
853.83
237.42
0.01
0.00
121.20
245.48
825.97
810.76
798.19
837.08
824.23
862.15
684.62
855.53
846.20
695.17
841.06
857.14
871.66
859.26
734.34
595.20
445.86
713.89
776.48
726.03
763.59
731.80
743.21
623.94
326.54
729.11
708.39
685.93
692.05
829.85
843.86
0.01
0.00
0.04
0.00
0.03
203.58
0.02
0.00
559.37
0.01
55.34
0.01
542.64
0.00
232.71
0.02
0.01
0.00
593.18
774.80
0.00
398.14
685.44
845.81
837.65
844.65
853.80
851.42
855.91
400.63
113.51
151.47
124.34
689.43
781.12
773.10
783.73
730.56
758.48
745.97
714.13
834.16
803.75
769.00
213.05
657.31
689.02
872.52
346.69
582.98
849.70
823.68
766.26
854.97
773.38
692.49
709.56
239.24
703.03
843.03
668.39
527.61
816.35
696.90
715.26
837.62
853.80
847.28
705.23
803.28
0.00
119.54
65.91
767.73
622.12
737.73
712.83
758.95
843.03
0.00
189.49
99.82
200.45
104.67
0.01
0.01
186.54
0.00
184.72
0.00
118.40
438.22
726.95
208.55
112.16
494.50
556.41
808.20
420.39
610.61
57.02
770.18
0.00
900.00
504.33
722.12
133.55
211.53
594.94
814.88
751.91
752.68
227.77
546.80
732.53
794.34
837.93
716.60
727.09
856.00
834.55
823.88
829.00
826.86
131.86
183.43
827.41
837.93
851.56
849.68
846.39
869.19
875.93
830.83
0.02
395.15
727.57
674.47
757.82
874.08
777.41
739.25
734.61
503.35
856.97
844.17
771.23
145.26
389.04
44.51
0.02
0.00
605.30
628.49
719.15
764.64
774.43
725.47
719.67
690.78
756.91
782.38
788.26
728.37
696.13
805.50
705.95
741.59
765.54
676.41
818.12
856.76
867.77
803.56
139.61
367.24
719.59
715.89
376.18
262.13
278.86
566.56
748.42
724.68
761.23
769.17
846.26
836.38
845.07
858.46
851.00
803.26
0.00
844.76
880.83
844.14
866.29
856.62
894.72
761.25
713.94
719.92
150.73
211.17
0.03
43.37
0.00
64.58
68.58
108.64
19.26
245.20
833.46
868.31
830.06
702.51
161.78
117.24
581.56
452.64
0.00
721.58
764.97
738.32
735.03
72.25
0.00
0.00
592.08
738.31
537.47
431.89
720.35
788.99
870.60
723.44
729.28
0.00
678.10
236.09
240.92
61.85
0.00
0.00
0.00
0.00
733.33
756.73
785.35
719.09
750.46
732.57
0.00
0.01
0.00
0.01
0.00
846.40
830.07
820.76
852.72
830.35
853.61
631.78
727.55
774.67
756.08
660.04
900.00
726.19
706.93
655.11
765.62
752.70
0.00
107.22
178.98
119.88
0.00
0.00
265.82
111.27
121.77
700.60
813.32
842.13
590.62
686.57
788.46
145.39
484.28
729.82
717.59
782.34
714.00
786.12
726.35
804.17
755.95
809.57
689.94
698.89
662.81
740.89
723.73
739.93
41.99
795.09
561.12
771.05
872.70
853.56
681.53
825.36
682.07
517.81
616.53
700.11
857.50
782.55
678.85
716.98
269.74
650.46
806.03
390.23
661.47
723.48
774.00
843.45
801.64
866.81
796.46
860.44
741.04
765.83
836.28
696.64
871.68
718.77
820.97
797.37
724.97
698.60
682.87
716.22
354.40
649.61
755.29
661.83
812.80
898.96
710.27
800.48
392.49
636.92
813.65
776.68
552.35
757.56
721.48
774.90
833.27
704.15
712.88
817.07
738.69
741.46
722.95
715.43
898.84
841.76
703.77
514.22
686.09
367.07
715.45
842.38
704.23
677.62
691.63
751.22
710.43
705.81
672.73
710.30
712.64
692.41
371.92
815.28
635.34
824.15
894.68
789.21
716.71
893.81
900.00
621.52
777.11
788.18
708.94
703.60
680.99
691.78
731.66
682.24
683.33
696.75
436.84
490.42
514.04
775.17
803.08
815.87
723.47
788.96
813.95
759.02
717.01
852.26
782.90
684.88
790.92
782.81
830.36
773.34
290.61
