826.70
701.69
723.95
303.04
0.00
89.69
31.46
395.99
709.24
768.65
853.21
803.21
742.63
32.22
589.88
174.80
598.83
415.93
369.23
718.18
170.04
469.24
548.22
347.49
148.57
461.83
753.28
712.58
184.53
308.80
859.43
767.00
735.44
12.31
752.18
737.15
766.32
414.11
233.46
23.64
20.32
154.80
98.91
96.34
0.01
0.00
0.00
0.00
152.07
789.74
769.82
582.47
102.53
546.48
702.79
711.20
866.79
766.18
732.54
710.54
701.33
676.37
710.64
674.22
683.43
778.26
696.99
790.35
729.58
643.10
687.13
690.84
686.69
760.74
803.38
782.61
442.87
643.81
704.42
784.39
888.16
672.20
834.45
792.55
824.80
718.86
691.32
842.10
714.58
745.77
684.44
716.76
745.21
806.64
686.74
807.79
673.99
636.96
738.31
732.47
608.53
809.48
637.29
716.86
708.39
728.50
679.72
708.58
632.99
790.49
714.36
684.06
721.60
873.98
764.25
830.70
364.52
557.39
692.83
700.25
751.54
709.97
685.28
677.64
712.19
698.42
707.91
800.75
734.74
828.73
735.59
706.25
776.14
701.17
99.90
591.57
833.81
705.73
680.10
711.34
845.28
748.56
840.18
837.90
843.58
842.43
742.15
731.36
722.79
756.69
735.49
699.35
715.11
762.44
755.69
736.29
764.42
764.98
710.07
740.82
782.48
695.35
656.41
699.24
732.07
722.95
682.94
712.66
734.43
799.03
745.29
730.11
723.67
732.84
715.41
740.68
747.20
741.29
741.25
717.62
689.80
727.06
710.76
696.24
722.50
710.09
731.29
780.50
707.00
739.24
721.18
793.24
731.10
867.43
848.96
867.66
750.88
678.44
767.05
780.26
703.35
805.85
674.45
709.43
688.30
700.18
658.92
139.31
684.69
677.56
770.79
751.36
741.39
757.67
687.75
754.25
422.45
485.72
718.84
875.78
852.14
672.04
0.00
716.26
725.58
671.10
725.27
739.45
710.22
677.63
708.09
702.77
836.91
697.59
737.72
601.44
857.99
719.71
718.20
705.56
788.64
715.02
698.73
716.60
739.77
709.43
696.32
771.55
680.42
701.79
841.39
688.94
691.37
523.24
712.62
838.40
763.16
829.09
754.54
742.93
711.24
602.28
744.11
743.99
868.72
722.11
878.53
717.14
685.20
678.41
786.97
668.89
717.00
692.56
0.02
900.00
372.70
800.39
383.92
367.36
0.00
0.00
0.00
522.82
364.95
735.24
685.14
63.29
345.03
853.63
862.67
829.36
821.31
697.44
667.13
147.90
807.40
776.24
733.49
706.50
800.13
786.81
668.94
729.74
857.03
831.64
844.54
855.25
839.34
291.33
695.05
900.00
886.39
695.98
703.52
866.80
702.06
735.67
686.59
751.84
700.82
586.66
701.47
699.20
712.02
734.10
808.49
796.03
690.13
872.22
546.10
759.40
690.31
849.77
713.99
730.56
821.87
793.64
659.68
672.15
690.93
692.48
342.54
707.28
780.36
713.01
677.63
731.00
400.11
647.37
692.12
715.28
573.69
663.16
728.33
730.87
807.01
823.57
829.34
726.80
664.34
678.22
811.20
759.85
687.95
716.42
692.73
784.17
726.82
774.71
668.94
708.67
721.15
709.81
838.32
698.38
713.24
848.83
713.34
794.24
747.54
733.74
722.81
725.94
731.70
725.80
712.77
726.20
716.85
740.14
753.93
749.78
748.72
683.50
762.52
710.65
748.03
764.10
804.33
736.69
724.22
727.63
760.56
763.48
725.78
744.36
728.27
728.70
763.31
710.16
752.00
774.81
713.24
747.44
742.91
681.12
722.26
771.96
731.57
739.19
793.34
715.71
714.35
694.84
721.64
716.06
714.33
753.76
733.33
709.30
729.49
770.63
753.09
745.10
789.80
715.75
726.03
753.49
704.61
751.13
720.56
739.69
722.43
712.93
822.55
833.89
830.70
604.58
456.52
126.63
740.46
793.59
657.12
846.35
843.88
0.00
0.01
706.76
135.18
45.79
438.86
595.10
88.61
619.44
746.81
729.16
795.34
632.85
849.16
693.67
722.60
778.55
720.94
705.42
855.76
828.26
746.46
692.56
624.77
215.89
763.73
822.04
844.68
91.93
700.24
496.47
509.11
740.65
777.51
747.79
752.71
682.71
792.73
704.02
661.02
773.13
748.85
732.03
756.01
726.35
729.31
719.90
718.36
722.41
729.75
709.93
758.18
754.14
759.25
740.68
718.30
725.91
772.22
721.40
677.38
725.31
693.76
718.11
741.21
733.19
736.04
705.69
736.48
720.35
688.78
746.49
767.15
769.51
750.07
763.69
758.72
716.28
729.43
743.26
731.84
725.58
739.64
699.26
720.72
706.67
738.14
741.58
750.09
737.71
853.75
697.86
776.79
757.66
772.32
738.40
729.05
768.55
712.96
717.58
729.27
712.38
378.73
654.94
665.44
523.98
622.51
494.86
900.00
791.94
863.09
706.74
712.16
757.78
701.34
723.35
704.46
713.83
410.96
729.45
0.00
518.74
710.82
733.08
736.73
514.98
553.55
858.10
831.15
724.18
743.01
745.22
783.52
703.16
815.63
670.27
823.81
797.81
812.11
803.18
723.93
738.26
763.75
845.41
836.28
656.37
