861.99
833.56
882.20
804.42
864.31
785.62
837.21
851.05
635.14
363.80
444.64
261.68
161.04
104.95
0.01
41.12
163.77
0.01
0.00
0.02
0.00
192.00
5.23
683.51
158.73
147.59
0.00
376.41
799.50
827.57
855.11
752.00
746.90
749.92
720.69
761.28
759.84
729.88
736.11
733.17
724.55
786.59
744.45
826.53
739.17
704.67
711.41
714.28
703.35
303.55
451.63
753.31
848.76
672.21
780.72
745.12
731.03
709.03
730.12
885.50
798.61
688.72
701.42
705.04
709.79
725.12
714.16
766.97
751.34
900.00
726.30
700.74
739.73
705.38
869.47
785.39
729.31
698.38
754.99
758.42
816.35
799.41
811.28
724.24
696.88
740.47
713.40
724.18
714.99
291.16
709.89
715.94
785.84
784.18
722.15
708.01
695.74
752.01
655.53
753.07
736.72
707.97
549.09
717.48
866.40
696.49
724.13
233.35
758.24
745.66
727.10
723.60
879.78
718.10
693.87
703.03
701.49
707.59
818.73
778.78
883.02
480.19
656.64
733.43
693.21
763.81
750.99
720.19
591.53
574.94
798.07
702.03
676.14
655.08
447.68
583.27
714.13
678.99
731.42
379.96
769.88
740.54
610.16
707.16
696.69
721.31
641.02
703.83
796.74
712.04
746.98
900.00
681.99
726.98
740.38
711.38
782.28
801.79
774.12
800.04
703.85
844.95
728.05
686.29
727.29
868.35
682.22
721.90
677.37
815.26
776.48
813.63
755.65
748.91
699.45
801.27
706.43
772.02
794.57
748.38
715.17
796.82
703.44
790.80
54.03
843.40
620.68
809.16
747.31
722.73
661.57
725.23
733.45
716.43
633.64
695.87
803.05
899.75
713.92
457.08
715.36
655.41
755.72
722.26
715.60
236.02
595.29
713.92
722.98
733.26
844.19
799.71
651.41
717.50
695.60
471.57
683.89
689.99
661.95
725.87
710.14
737.61
144.92
581.87
722.16
711.12
778.15
725.02
721.99
714.50
656.26
697.27
727.83
653.26
702.72
713.81
710.55
709.75
667.73
722.85
712.34
689.47
820.39
696.11
704.99
710.98
727.91
776.45
840.53
703.25
789.80
508.19
701.29
712.42
652.94
670.67
760.71
307.07
605.20
683.70
856.87
713.30
728.05
687.12
723.81
771.11
740.39
795.32
719.62
761.58
720.86
900.00
695.03
717.25
485.01
690.33
723.11
751.24
790.44
781.74
679.76
693.88
690.94
681.85
685.45
681.02
756.68
718.79
695.78
814.55
744.99
701.08
698.91
672.96
730.54
746.57
706.22
702.42
827.10
804.97
741.05
690.86
828.35
752.24
832.83
742.10
831.57
703.26
803.67
761.69
739.49
777.33
721.51
837.14
668.64
816.90
838.39
832.98
846.23
900.00
507.99
816.55
714.91
691.63
725.41
463.09
523.40
691.36
309.37
607.39
824.13
749.56
739.30
742.02
686.65
644.83
674.88
709.37
811.89
711.19
708.53
733.01
751.85
811.83
718.91
731.09
687.71
697.18
759.44
730.27
842.11
752.67
708.47
857.11
705.67
732.33
848.34
709.88
708.21
693.84
699.16
443.41
203.22
674.96
708.39
900.00
726.30
604.78
829.82
792.96
703.95
686.45
697.64
698.43
704.69
737.90
866.53
825.10
695.42
803.74
751.13
718.57
763.08
767.88
723.15
749.93
702.00
746.99
706.22
751.94
750.54
690.76
728.97
749.58
742.15
740.57
729.77
772.57
718.50
728.45
790.41
757.00
719.63
739.16
746.80
747.14
718.63
762.63
737.97
720.41
703.76
681.71
729.88
786.31
726.76
789.25
799.02
713.51
789.65
739.51
787.51
727.47
751.19
806.63
797.03
732.33
747.57
706.33
763.18
666.41
710.96
740.41
661.31
765.08
722.02
730.55
695.92
714.84
711.21
733.08
741.43
713.41
790.21
698.56
766.83
773.42
688.50
672.17
738.69
743.81
723.95
724.02
702.06
691.70
744.10
731.00
692.99
748.91
736.51
787.73
717.37
824.84
91.47
0.00
0.00
468.35
541.97
158.92
0.00
0.00
0.00
223.99
0.01
381.72
834.42
755.72
117.60
0.00
516.39
177.91
70.62
713.05
765.77
531.13
770.36
735.97
753.74
577.85
839.97
879.49
721.36
729.71
701.90
330.68
563.50
723.64
710.21
753.55
771.88
773.80
692.56
687.59
738.75
94.55
506.04
853.53
743.00
832.29
632.39
0.00
696.97
702.01
796.09
767.71
700.20
689.80
762.92
858.00
738.34
711.07
815.85
710.93
701.66
673.43
691.30
880.09
611.42
576.83
874.15
707.70
771.20
711.06
714.82
498.20
705.41
871.54
728.73
783.60
814.94
824.81
838.09
64.22
34.01
565.04
590.43
678.51
757.95
838.53
831.39
814.75
857.15
745.05
839.72
844.94
828.55
123.35
16.97
527.98
709.06
729.92
824.94
859.62
863.04
797.34
849.13
827.77
780.38
733.35
774.59
169.53
198.87
142.35
0.00
0.00
697.38
797.82
741.87
715.10
698.60
809.42
856.18
742.31
815.45
692.54
900.00
700.31
652.24
698.12
731.18
740.85
694.36
800.37
712.70
803.62
766.06
823.64
783.65
864.20
748.10
706.62
