0.00
0.00
663.86
522.11
107.40
487.83
510.53
613.83
496.52
667.93
388.09
833.42
837.09
842.02
820.19
879.33
34.85
240.92
176.93
0.01
0.00
0.00
34.29
175.75
733.44
725.79
743.68
760.61
880.35
537.92
752.31
743.46
732.24
0.00
0.00
161.23
168.97
67.02
608.72
326.41
479.23
724.42
729.25
385.89
105.83
0.00
0.05
0.00
0.00
396.63
748.20
732.97
705.95
876.89
862.59
37.44
491.44
52.63
3.24
63.40
0.00
728.95
693.27
709.61
864.87
818.88
849.79
851.13
50.02
522.12
775.52
766.09
749.07
714.26
697.69
579.98
808.21
697.44
712.56
703.45
752.91
726.50
707.54
682.28
774.50
666.63
0.00
0.02
0.00
476.14
46.82
0.00
56.03
344.26
601.44
758.38
703.02
824.75
725.94
834.75
818.73
840.74
810.66
538.73
124.19
144.42
119.09
577.65
84.40
590.03
195.61
348.20
658.17
788.78
676.54
883.02
698.35
753.15
729.18
704.08
708.49
807.23
818.24
852.80
776.85
817.26
266.48
676.75
723.61
695.42
688.44
763.39
864.56
834.37
870.44
841.01
704.47
810.36
773.60
864.01
676.22
664.71
684.89
713.16
854.22
705.49
516.04
736.18
719.03
744.21
724.21
519.00
703.58
714.61
898.31
807.37
792.09
785.58
796.32
821.56
784.77
227.89
666.23
726.04
411.80
637.72
719.09
703.09
726.57
811.76
698.29
708.16
729.84
692.38
726.92
814.78
704.23
797.98
727.91
773.75
714.73
777.42
752.58
745.80
716.74
719.09
780.15
702.67
733.50
713.76
740.52
786.77
740.78
710.49
710.64
759.11
691.63
709.57
725.47
674.98
690.32
766.01
763.25
744.77
749.45
745.96
756.02
743.35
718.01
750.50
784.00
758.37
722.37
716.74
744.40
755.51
741.43
772.00
733.03
745.50
745.84
676.15
783.06
694.25
786.03
745.30
731.70
709.63
733.20
831.07
820.88
832.67
716.90
702.93
786.87
729.61
678.91
851.66
701.48
798.85
900.00
747.99
830.67
234.53
695.26
706.81
705.86
755.30
725.74
730.90
879.78
629.56
742.65
765.23
777.32
823.94
667.48
674.71
790.21
797.71
740.80
715.50
732.43
716.22
438.02
724.81
900.00
681.40
826.24
812.04
797.72
831.23
711.01
694.48
791.81
779.37
692.74
747.61
679.43
752.39
702.63
687.72
681.95
749.31
756.18
730.04
738.62
709.23
724.97
706.06
723.41
771.95
736.96
694.69
729.24
772.79
740.17
688.40
726.68
801.35
689.75
750.79
755.78
730.89
770.41
758.42
694.50
748.86
762.75
702.35
721.29
723.06
728.39
726.50
697.02
710.38
704.46
708.46
759.33
694.97
731.19
783.70
738.09
744.14
790.30
713.26
717.17
740.59
745.21
754.63
760.11
802.00
702.20
773.74
686.88
695.65
723.48
721.73
725.35
744.96
703.05
753.65
725.94
721.43
621.41
869.23
734.95
682.70
735.20
764.51
800.31
800.35
748.39
719.01
720.05
754.70
711.85
711.94
717.81
756.94
798.25
722.38
734.75
732.87
707.88
701.72
719.35
633.97
827.70
706.01
736.10
692.08
727.87
168.48
693.26
765.10
757.04
696.91
680.16
695.58
802.48
741.28
734.49
715.89
726.29
702.74
88.07
631.82
679.10
790.44
736.17
747.97
717.86
864.49
740.54
711.12
459.78
527.43
694.14
702.52
720.72
776.58
877.97
606.18
617.16
867.45
747.68
803.94
262.02
565.00
698.18
829.09
698.50
690.23
710.40
711.85
787.94
823.03
685.36
784.22
744.36
722.95
783.60
867.69
701.75
731.41
320.10
709.29
737.26
687.42
741.37
744.84
702.94
714.34
542.73
704.17
689.18
777.68
433.08
808.85
766.55
698.27
870.46
821.57
743.78
713.87
719.60
692.40
696.65
721.19
682.19
352.12
888.89
789.78
900.00
734.69
713.46
807.24
762.57
899.57
783.41
709.48
221.08
664.50
697.84
484.64
609.03
698.21
700.21
713.56
809.74
745.21
678.00
687.50
764.23
706.51
689.98
784.41
900.00
683.61
672.50
780.50
864.84
782.87
799.32
692.69
510.78
719.71
672.59
674.49
722.14
740.27
699.14
688.01
734.71
702.83
777.21
585.71
636.06
725.26
900.00
831.81
95.01
620.89
725.43
710.91
698.59
842.22
727.44
663.07
719.19
679.07
264.47
605.47
761.19
814.83
817.01
628.06
710.51
712.18
818.58
850.11
722.02
548.18
881.87
705.53
720.83
189.54
629.17
818.07
860.69
775.93
758.06
680.12
669.86
773.92
719.87
787.02
731.93
749.89
709.27
698.07
747.25
735.58
735.40
771.80
721.63
736.16
711.61
723.26
695.55
721.52
787.39
779.33
743.78
718.01
738.62
733.45
673.23
667.20
772.02
718.49
727.20
678.11
685.31
732.26
701.49
753.73
695.30
742.78
690.95
757.39
815.52
797.90
763.66
684.93
722.46
702.23
771.76
660.35
711.41
715.38
791.79
783.23
741.25
731.78
708.99
760.24
781.81
734.97
758.13
762.81
673.02
712.68
737.86
740.25
748.47
724.14
749.42
728.17
