0.00
137.41
0.00
700.00
703.23
504.81
571.94
760.52
773.00
158.55
470.06
467.32
732.89
386.62
608.57
660.52
746.75
844.46
718.65
755.55
757.10
735.22
712.27
527.23
766.77
542.82
900.00
188.91
0.00
335.07
753.62
746.57
774.17
717.51
720.19
710.24
753.57
731.82
711.54
737.50
791.13
721.31
748.58
697.73
710.84
696.74
780.68
715.61
754.24
725.50
690.73
702.05
740.88
743.01
696.18
722.02
753.23
789.87
679.65
753.94
722.31
781.33
769.60
685.20
805.91
697.65
758.49
737.86
722.31
769.08
707.02
757.91
774.23
775.97
705.14
771.29
760.99
697.13
707.66
675.79
744.30
706.71
731.12
747.83
764.14
701.80
738.33
739.39
727.95
774.48
834.77
676.47
751.52
795.21
665.32
736.23
695.83
688.97
702.87
709.39
722.16
323.68
740.73
823.51
646.94
719.34
463.49
604.35
897.41
706.59
822.64
856.74
379.44
609.41
746.12
747.06
833.26
689.32
787.75
745.24
679.19
701.06
670.40
721.64
721.94
721.93
658.45
715.58
686.46
850.12
687.97
749.99
735.17
735.97
712.64
770.42
752.88
681.47
777.96
701.34
681.36
765.87
710.17
704.51
732.52
758.34
736.79
752.86
700.05
775.81
713.69
724.16
694.15
708.08
722.17
732.14
749.78
772.93
716.49
753.73
798.83
717.62
742.40
729.75
704.00
739.49
714.31
751.85
726.01
745.75
678.44
712.57
731.86
736.16
783.22
321.25
565.71
727.74
705.94
680.44
685.73
703.75
856.49
784.74
737.10
729.11
242.35
589.60
692.88
719.15
900.00
798.98
589.20
688.05
667.40
673.53
741.36
759.81
813.66
564.45
701.05
0.00
588.10
749.19
773.07
703.90
731.99
0.00
0.00
0.02
0.02
254.15
643.70
750.90
685.02
714.09
692.47
708.19
785.71
850.48
720.54
884.41
671.43
693.30
699.11
783.67
715.32
881.40
709.63
705.28
785.40
836.82
725.61
841.41
855.16
814.66
768.83
709.40
735.59
750.11
783.71
710.37
679.92
698.71
727.64
661.91
737.11
772.76
847.69
759.33
753.91
703.60
730.11
778.72
856.28
678.38
625.92
591.30
759.91
708.38
702.44
368.99
670.40
705.74
703.20
424.59
592.09
675.41
686.59
732.47
689.40
724.01
691.40
173.82
593.85
708.39
726.96
411.23
711.86
717.35
676.61
717.18
695.88
853.91
721.29
689.76
779.53
869.46
825.89
736.66
0.00
701.33
556.33
693.60
729.04
713.29
801.47
573.89
734.31
689.92
715.93
687.20
691.52
717.40
666.63
673.80
693.51
713.26
709.76
726.47
875.63
867.54
546.10
764.62
812.03
662.93
718.51
718.92
724.44
706.32
704.74
721.65
710.85
6.00
526.29
833.33
683.31
736.55
549.94
713.37
701.86
667.65
762.75
716.19
716.50
716.80
751.17
694.75
693.32
716.63
771.08
676.28
716.88
656.39
773.20
730.36
732.43
715.26
749.62
686.23
753.64
699.06
653.97
226.46
167.48
488.74
125.91
654.58
694.16
27.75
821.82
175.43
184.54
606.18
487.09
72.87
0.00
359.76
300.84
192.82
70.77
25.97
0.00
408.22
726.97
797.98
756.33
733.87
728.03
807.72
857.43
852.61
841.23
796.28
843.85
840.18
845.57
583.96
689.46
884.66
584.55
386.61
617.58
813.37
741.06
718.00
743.03
760.77
703.61
785.97
764.24
722.64
677.56
707.32
733.41
717.87
731.79
689.79
753.87
734.91
784.99
665.81
770.48
710.93
796.57
757.91
776.19
758.79
726.94
710.23
731.06
791.58
714.30
766.84
757.87
759.28
773.07
695.19
702.41
718.93
718.70
743.79
716.98
703.36
700.58
729.16
765.31
737.90
745.94
725.81
690.39
745.99
728.37
730.11
821.37
763.41
493.77
441.07
831.87
807.10
828.03
699.17
799.26
685.15
691.14
720.82
701.25
710.09
702.61
601.86
759.12
701.69
460.20
676.20
771.45
770.70
752.99
428.45
674.08
680.95
737.34
696.11
719.16
697.80
719.44
775.65
780.65
683.05
700.48
866.94
772.92
808.26
852.66
705.35
688.32
694.59
737.41
752.63
722.03
706.21
707.15
736.91
719.91
570.54
708.37
748.91
203.21
553.79
751.60
800.96
704.61
785.09
736.09
717.76
735.48
716.85
668.75
726.66
720.37
743.99
739.78
707.96
707.66
704.61
719.00
735.85
713.28
702.54
776.09
701.36
702.64
655.01
742.31
854.46
802.10
853.00
847.23
761.01
564.92
698.25
697.91
843.10
853.69
146.86
762.34
800.90
700.86
679.78
724.17
694.07
730.53
698.52
718.75
740.02
692.28
711.09
741.49
737.29
835.95
588.76
654.72
701.16
688.26
865.73
639.22
734.93
678.42
0.02
0.00
122.61
132.10
174.42
0.00
0.00
0.00
0.00
0.01
0.01
54.32
194.95
748.74
10.98
298.98
747.85
730.46
768.32
834.61
706.53
720.61
726.85
515.69
838.93
841.39
858.40
818.91
862.41
848.07
812.66
479.44
396.91
236.94
415.77
740.15
731.48
711.53
739.72
739.12
675.14
765.48
840.91
