188.23
0.00
0.01
160.51
551.05
622.05
531.05
841.48
853.44
840.56
861.90
768.25
828.40
192.82
428.67
534.81
744.54
820.65
771.85
149.97
112.42
0.00
0.00
151.59
451.70
238.72
724.62
834.56
662.52
102.53
250.81
0.00
98.63
223.17
900.00
703.65
0.01
0.00
0.03
0.03
15.89
682.34
492.59
403.14
762.92
742.52
543.21
0.00
0.00
30.05
45.61
0.01
0.00
38.18
694.47
596.68
540.74
710.51
712.49
726.37
231.42
611.14
729.94
718.92
598.72
683.82
666.67
704.16
817.62
713.14
699.60
792.22
636.16
684.12
717.87
400.08
704.48
696.19
710.87
746.07
771.91
759.11
750.25
813.54
698.72
695.39
752.63
457.78
691.65
766.88
719.10
714.65
840.56
246.13
0.01
0.00
167.88
117.19
768.93
855.38
850.39
763.37
766.92
864.66
846.25
716.84
768.92
754.55
740.65
824.02
723.89
690.68
722.92
620.40
710.74
802.00
710.52
858.28
710.47
802.37
691.75
713.11
449.58
719.37
751.52
761.29
700.62
749.31
739.29
261.25
597.08
742.06
660.84
739.41
735.34
695.45
680.01
655.74
582.15
661.66
724.82
773.51
728.69
839.93
576.06
716.63
769.04
710.36
676.65
712.82
714.33
626.36
686.64
716.41
831.39
815.49
778.22
706.80
775.41
849.71
727.23
709.88
690.96
713.15
714.69
704.97
562.25
763.41
727.57
370.71
516.64
688.23
705.74
717.48
133.71
784.98
780.84
823.98
716.48
713.46
729.19
696.07
290.48
759.81
703.21
710.77
671.19
703.07
699.39
790.72
709.08
553.66
786.10
716.91
830.74
668.81
596.85
715.49
715.34
781.19
818.13
836.07
697.92
725.36
689.08
743.70
747.50
743.17
331.95
611.83
721.89
719.91
673.30
659.87
774.64
727.74
687.02
693.67
521.48
603.90
800.43
773.21
585.19
705.30
693.73
740.12
843.22
653.99
579.48
706.63
683.64
715.50
735.69
735.31
454.35
284.63
369.74
739.38
736.58
785.45
742.41
701.67
788.46
359.94
529.79
723.29
750.66
751.63
825.64
792.68
831.99
829.42
842.92
833.36
862.50
824.75
753.39
656.42
539.75
715.87
0.03
0.00
320.76
326.75
831.89
736.65
744.93
713.76
711.86
747.06
729.87
785.27
748.74
707.85
696.64
716.25
784.97
785.62
782.40
768.18
694.17
760.70
696.58
777.53
759.77
724.63
776.60
813.58
745.74
737.86
686.59
745.78
713.06
725.20
728.87
779.37
726.68
704.52
701.07
737.08
693.07
742.23
755.00
702.92
745.90
716.40
683.31
690.15
757.50
768.89
703.76
750.66
724.34
735.01
711.22
704.45
696.92
754.07
690.11
756.29
686.94
712.74
758.01
728.35
729.94
728.76
745.81
749.83
736.29
747.53
716.94
702.90
767.68
778.30
737.52
698.71
725.15
734.91
731.29
690.24
753.59
742.76
756.03
719.92
746.04
717.75
737.57
747.35
689.42
726.13
760.33
707.64
745.22
750.58
709.60
716.69
782.00
715.71
769.96
736.68
721.06
749.18
712.46
737.49
736.46
737.57
728.08
701.91
707.39
743.54
754.71
736.85
745.26
707.47
736.42
734.92
711.46
748.53
712.24
717.70
772.89
742.65
783.30
681.89
755.34
683.22
726.68
723.46
752.29
748.55
722.10
727.56
744.85
710.27
737.81
724.47
729.02
769.96
727.73
750.96
871.01
833.84
828.71
856.17
867.33
834.68
825.75
0.00
0.00
0.00
0.03
0.00
139.96
72.29
181.23
210.68
0.00
137.30
189.58
509.53
615.23
484.77
778.45
728.42
681.62
689.74
849.31
509.78
692.28
505.25
289.76
700.38
764.88
0.00
0.00
0.00
97.69
146.61
0.00
161.37
527.71
749.16
745.88
675.67
834.65
842.02
810.88
845.16
0.02
145.91
799.05
160.46
209.40
0.03
640.17
212.19
51.01
565.33
451.58
842.37
828.42
838.75
828.87
544.95
835.67
828.38
743.36
762.95
734.45
725.17
756.71
709.37
831.25
839.17
831.16
818.35
832.92
870.65
751.32
734.10
766.58
19.68
246.60
129.47
615.27
419.47
507.12
65.79
682.06
542.35
73.64
0.00
0.00
0.00
0.01
0.00
0.00
0.00
0.00
0.02
0.00
108.16
0.04
155.94
234.62
0.00
0.00
0.00
0.00
0.00
0.00
0.01
0.00
584.81
0.00
631.98
762.91
699.23
712.26
604.98
762.53
791.00
742.78
685.46
817.25
840.87
714.00
789.24
686.43
758.38
729.70
706.38
753.95
738.94
745.57
752.70
728.43
738.13
752.06
767.59
770.47
753.07
730.85
762.36
707.00
728.84
683.75
648.22
744.06
744.21
762.97
715.15
681.09
717.59
716.22
731.07
736.99
712.25
744.89
728.46
667.64
716.28
796.44
722.42
725.95
732.51
715.27
744.55
703.22
725.16
774.38
766.35
758.36
708.99
724.71
772.10
784.91
734.10
710.71
683.84
791.12
675.82
755.43
733.87
747.18
711.41
741.35
765.45
693.95
683.60
745.40
759.33
769.68
716.20
757.39
756.83
696.01
728.47
774.11
697.39
