701.64
865.03
765.25
773.99
695.55
718.88
755.39
670.81
739.06
726.19
733.90
757.02
753.12
481.95
724.75
762.53
709.37
728.51
738.45
747.69
690.16
791.49
733.82
697.82
721.84
731.09
794.52
723.89
746.57
625.24
691.77
851.81
250.55
716.16
722.33
695.74
709.78
704.30
688.77
690.67
700.30
715.27
716.05
705.22
602.55
783.36
752.24
682.32
693.13
701.55
758.92
708.21
694.94
739.35
706.29
766.63
707.67
761.25
791.44
713.20
778.31
752.82
767.98
726.41
712.08
731.97
760.30
688.12
752.27
632.38
725.86
19.86
73.04
0.00
0.00
0.00
751.28
808.87
648.77
434.97
840.20
96.32
718.73
687.50
0.08
117.98
134.35
26.15
393.50
724.88
473.33
617.61
766.18
842.13
808.81
828.43
828.96
847.34
531.31
707.13
834.51
856.39
721.07
725.61
840.49
824.24
861.67
839.21
857.24
843.21
857.86
823.19
841.42
841.18
153.75
464.70
392.18
726.85
751.69
767.36
730.97
729.01
729.90
726.63
728.95
756.90
751.03
776.23
821.77
697.77
735.31
730.00
787.66
740.17
730.68
706.83
774.74
708.68
751.16
699.80
666.95
751.53
722.61
780.31
686.91
762.39
750.43
746.58
791.82
779.72
772.00
719.22
790.61
761.53
717.09
759.81
698.55
749.25
746.95
688.35
744.25
684.47
761.55
774.17
774.85
754.57
791.16
758.38
708.27
707.57
731.79
771.02
720.51
715.06
215.73
0.00
0.01
0.00
0.00
0.02
87.52
0.01
710.09
746.19
875.58
844.90
862.52
841.55
146.39
0.02
886.60
867.11
844.65
828.89
728.46
0.00
0.00
0.00
0.05
409.63
863.96
738.66
738.66
714.59
772.13
691.40
710.45
708.68
733.40
700.25
767.09
762.23
732.25
772.56
768.35
714.81
761.38
700.06
742.69
749.90
779.14
734.00
705.68
690.91
693.23
723.12
805.30
733.99
750.47
750.12
758.79
723.08
741.84
764.39
761.29
715.23
731.20
736.68
750.19
749.28
691.37
772.08
719.67
743.75
738.44
714.94
718.19
757.00
790.73
739.17
723.92
787.86
676.39
765.72
766.69
717.69
744.07
774.06
738.38
780.98
736.31
697.42
756.91
712.52
727.55
768.19
777.29
665.28
762.10
691.29
740.57
706.27
727.98
742.27
761.94
719.37
761.49
766.89
715.30
774.31
771.55
712.31
770.78
715.52
718.90
813.54
667.27
733.96
705.04
709.81
706.61
700.70
731.00
715.69
748.26
774.38
767.65
731.18
725.77
721.05
727.20
749.64
751.50
713.56
792.63
753.54
721.53
736.78
783.81
716.34
734.79
704.80
803.98
663.64
728.06
649.71
659.60
720.33
756.77
659.95
742.73
753.09
746.08
712.99
764.06
738.55
755.76
727.84
709.49
722.85
779.03
743.57
736.80
704.41
768.11
0.01
374.27
432.23
546.59
729.33
743.07
750.42
828.27
252.28
737.44
854.50
847.16
871.75
900.00
465.43
309.75
691.48
614.84
689.78
768.92
805.09
833.68
673.05
819.75
843.58
843.13
723.38
740.12
850.77
851.43
820.11
826.89
895.31
836.45
801.74
856.69
676.54
271.52
732.37
827.43
834.97
880.22
873.48
833.44
770.31
705.55
835.10
733.15
735.02
804.16
791.84
711.59
691.65
733.02
651.59
689.50
900.00
595.65
709.89
720.05
524.13
693.82
823.74
765.04
733.00
690.11
828.30
900.00
715.77
735.42
710.58
659.92
713.17
694.54
586.30
758.62
796.94
428.18
610.69
900.00
734.26
742.01
814.17
900.00
711.46
728.52
724.59
712.13
834.10
524.81
635.67
761.80
816.11
725.23
702.88
704.09
842.67
690.60
621.87
682.27
720.95
874.14
732.36
708.05
830.62
712.92
771.16
808.00
723.96
784.18
685.69
715.66
712.50
692.20
726.88
694.83
730.41
509.86
718.98
720.92
700.17
765.43
724.32
695.66
663.18
587.72
705.87
719.45
806.58
721.84
332.24
795.11
856.63
738.81
710.42
705.87
694.20
706.80
737.87
654.83
676.55
687.05
393.70
655.63
759.66
794.93
732.42
717.41
727.05
840.97
802.65
693.63
331.83
650.07
829.00
716.83
748.27
509.11
809.02
856.93
812.60
700.19
684.41
206.75
782.53
726.19
710.01
798.03
679.07
713.88
749.62
877.56
774.99
786.49
743.77
711.73
709.79
723.06
769.08
707.07
725.41
761.30
689.63
722.00
821.18
242.42
617.65
741.52
720.15
849.21
807.87
850.89
686.32
709.29
706.04
697.45
829.63
857.67
708.70
690.14
844.38
738.16
712.11
679.72
746.63
766.51
769.11
736.72
781.72
842.58
866.88
851.31
708.11
701.65
758.16
573.67
0.00
0.00
0.01
0.00
0.00
0.02
0.00
720.66
757.88
163.35
481.73
586.95
51.30
640.29
839.59
863.71
846.70
811.94
829.37
867.13
699.86
868.59
849.83
810.07
835.58
852.21
831.31
836.11
881.43
519.04
712.51
821.91
847.37
839.54
781.75
721.76
747.19
727.73
735.98
741.17
789.00
725.35
0.01
0.02
0.01
92.07
0.00
60.95
98.82
