0.00
0.00
0.00
660.83
724.31
728.20
829.59
724.71
672.04
814.19
771.45
723.39
752.89
769.96
749.93
823.00
831.10
849.05
889.88
734.95
683.09
767.64
720.54
720.50
743.63
273.59
548.69
770.18
541.62
745.12
746.35
713.65
83.67
44.44
712.55
667.39
730.33
705.88
750.65
745.70
688.41
705.38
708.74
768.42
828.83
818.16
879.97
813.45
831.75
0.03
563.90
485.89
554.77
824.38
798.99
0.00
452.92
882.58
710.49
730.76
841.40
816.17
848.04
556.31
350.87
81.58
457.61
0.01
79.17
0.56
760.07
703.38
64.69
15.56
154.42
96.68
308.27
42.68
155.22
85.84
0.00
850.13
828.67
837.24
786.34
862.50
833.08
749.38
705.97
792.91
759.46
726.75
763.33
770.71
670.26
737.74
700.13
749.51
778.30
719.34
770.29
720.18
714.90
733.74
740.29
765.53
775.41
738.43
715.97
717.50
705.05
735.93
734.41
698.35
741.75
756.07
780.13
730.40
698.53
737.72
740.29
683.03
778.11
694.97
733.09
697.56
734.59
702.38
764.87
765.04
780.24
730.79
668.10
698.17
691.43
746.54
711.76
705.78
755.64
721.96
834.20
657.07
773.04
683.95
784.41
755.11
729.14
704.50
754.03
742.93
723.88
731.08
723.99
777.98
765.44
707.94
789.51
759.08
772.03
767.29
721.97
713.16
752.29
708.35
776.81
754.48
757.04
754.74
715.39
688.52
732.86
733.47
744.96
766.11
698.37
717.45
790.30
715.78
692.42
731.09
694.18
764.49
760.91
734.93
735.81
695.33
734.70
722.70
672.73
710.80
734.41
717.79
760.82
722.00
744.30
796.55
795.76
755.46
726.75
0.00
588.26
871.22
849.44
841.83
845.40
151.31
549.09
763.92
867.51
857.64
735.81
700.33
306.57
157.81
347.56
814.97
855.07
817.12
804.56
837.44
867.78
748.25
842.00
837.24
801.99
458.23
686.05
734.50
329.01
0.00
0.00
0.00
0.02
165.63
0.00
97.67
652.90
283.16
862.13
872.40
844.54
851.08
863.27
825.35
0.01
56.11
556.28
761.43
618.41
586.53
719.10
833.81
841.97
743.47
715.98
683.59
710.39
825.40
227.78
539.77
714.01
392.66
856.02
715.78
792.63
47.47
457.96
809.17
746.49
650.58
690.41
694.17
774.94
731.89
707.46
670.55
832.57
698.13
716.01
695.11
406.46
503.56
693.76
722.84
705.30
690.67
702.24
334.67
658.08
774.15
361.05
641.86
767.13
700.00
818.89
864.00
725.59
701.18
695.10
662.01
731.45
769.55
838.23
748.92
790.97
378.98
762.54
738.97
790.80
830.65
666.66
686.35
690.35
795.20
707.46
738.76
771.00
568.42
703.97
798.29
244.24
762.98
719.58
699.30
697.97
319.23
609.50
700.70
726.23
549.73
854.78
737.84
733.88
760.53
728.41
713.41
635.12
741.88
697.17
683.65
794.07
695.50
683.53
757.29
826.26
0.00
545.10
694.87
723.99
825.01
855.29
718.73
546.03
666.21
736.12
751.74
785.83
791.25
691.47
845.99
841.01
753.66
728.60
652.15
710.63
370.22
699.16
771.28
803.89
809.97
642.01
680.92
723.30
716.89
713.95
721.73
0.00
500.38
766.15
714.61
778.22
697.11
424.22
712.86
842.51
822.67
504.74
725.79
840.28
523.59
719.72
766.64
726.67
666.02
655.87
195.02
64.07
204.20
629.47
55.14
593.78
694.00
21.75
100.12
495.47
432.62
726.91
794.42
183.30
42.03
699.31
538.38
387.36
564.26
874.92
862.14
807.25
767.59
757.72
754.43
556.94
93.23
53.74
585.03
675.71
718.66
800.16
518.76
714.06
833.87
686.16
663.57
735.36
799.03
764.71
698.93
777.85
701.05
790.04
654.20
700.50
793.81
742.08
742.85
750.28
734.54
696.00
745.37
725.60
735.31
701.78
784.31
761.79
736.79
782.91
729.85
726.71
738.42
771.25
721.67
787.76
699.10
687.77
776.00
705.22
723.86
729.49
736.83
693.48
742.88
715.83
726.78
718.69
704.63
824.17
671.92
765.20
710.33
699.99
717.07
691.71
741.18
756.99
761.87
733.06
721.39
699.07
707.57
709.11
678.32
710.43
734.49
713.64
675.56
700.91
772.50
713.91
767.24
754.55
774.68
680.36
769.81
741.79
748.93
673.82
760.71
709.40
715.60
731.45
735.88
734.47
752.89
738.89
700.80
761.39
730.05
739.51
691.31
722.99
709.28
717.76
784.96
769.49
762.58
729.13
719.34
735.36
731.81
702.24
702.66
748.01
770.41
763.68
707.09
752.11
726.70
698.09
765.17
744.73
706.58
700.52
709.08
725.81
742.37
730.20
761.27
712.65
717.05
708.46
746.50
732.38
669.80
707.96
767.47
677.27
738.04
750.06
732.19
736.40
750.67
758.83
658.58
734.18
767.24
701.30
702.57
704.42
779.23
759.03
665.82
703.72
767.54
857.07
866.85
807.84
219.41
618.06
662.45
507.97
549.54
724.48
815.07
816.76
798.92
900.00
721.19
752.15
98.47
887.37
678.62
797.45
741.90
693.62
513.49
618.68
653.22
706.93
770.39
584.15
558.33
