123.40
161.86
44.44
15.61
0.00
0.00
691.05
735.11
767.24
738.18
763.01
900.00
629.83
251.84
341.71
65.41
295.14
351.77
787.17
743.77
0.00
0.00
844.41
561.52
767.36
580.51
528.42
625.51
727.11
729.31
766.19
749.52
823.29
838.34
734.21
211.02
4.84
231.71
208.99
704.58
854.49
791.76
878.13
826.82
686.03
0.00
63.97
682.30
0.01
7.39
0.00
0.02
768.23
842.32
863.91
748.53
730.00
704.04
533.12
506.69
787.37
817.69
763.14
760.71
609.51
453.09
731.17
815.26
848.96
836.05
769.89
712.39
696.12
713.87
740.58
880.69
686.83
810.00
725.37
701.28
701.05
689.19
820.31
734.67
572.01
796.24
708.68
0.00
519.16
220.46
615.49
719.71
124.86
0.02
75.38
770.34
754.73
713.92
735.37
176.34
610.37
528.33
9.25
0.02
851.21
716.60
857.30
741.56
800.76
388.22
529.64
663.26
713.30
635.10
710.11
742.81
852.46
827.93
853.89
712.87
727.76
728.30
597.37
721.92
698.07
732.06
746.65
665.47
742.20
729.80
555.94
708.69
735.94
724.38
713.71
189.08
0.00
542.93
12.02
0.00
0.01
416.02
0.03
0.00
0.00
0.00
197.97
542.40
733.29
707.29
717.05
741.41
696.96
697.44
678.73
733.00
746.23
718.99
728.81
740.27
740.24
675.37
733.81
771.00
807.08
788.45
745.71
745.37
749.87
800.17
736.51
744.40
775.59
746.73
783.46
713.79
664.39
758.14
717.20
759.32
707.71
753.69
800.03
773.11
738.81
734.96
788.97
723.75
701.55
692.12
717.91
758.73
674.18
749.71
790.55
756.45
679.72
473.11
607.35
730.79
258.24
871.72
795.27
751.83
711.12
802.12
857.20
690.21
755.71
702.07
802.90
722.21
557.27
858.91
713.42
863.64
752.72
729.51
601.99
713.62
852.41
846.10
785.76
696.14
887.17
800.00
690.96
711.43
702.55
764.56
719.06
771.08
690.79
727.33
669.56
719.25
666.34
716.23
695.48
711.94
734.81
433.28
703.38
718.50
687.42
669.06
785.77
711.38
743.66
718.16
795.15
784.20
804.71
750.28
708.43
0.01
785.77
66.71
74.74
67.33
399.95
681.42
731.35
554.00
726.00
757.18
785.92
154.42
550.44
796.37
75.86
0.00
0.02
0.00
0.01
625.66
757.31
775.16
700.02
760.49
327.62
424.69
154.25
2.29
127.08
643.79
700.74
743.07
718.80
745.06
681.00
863.08
675.20
724.67
842.13
826.84
768.02
672.96
753.99
748.97
739.38
776.47
740.28
799.67
734.59
736.72
753.81
768.08
726.62
730.60
752.15
721.26
707.80
715.78
774.23
750.55
716.21
697.17
755.76
720.87
712.45
790.73
733.52
767.64
775.29
792.70
714.46
765.92
740.73
763.15
746.29
732.38
729.63
704.27
722.28
715.62
729.99
748.44
730.68
777.66
705.21
709.84
683.89
693.84
701.86
812.12
730.61
740.10
759.92
722.21
775.41
814.64
843.12
691.21
702.56
718.66
736.75
730.28
824.12
302.64
754.81
690.23
699.50
736.33
712.61
726.03
717.79
740.07
697.34
700.33
711.03
694.68
724.45
772.06
708.83
698.88
735.07
761.68
679.32
761.13
678.57
828.84
837.26
523.21
568.36
712.85
680.46
0.00
0.00
0.00
0.00
0.02
0.00
0.00
0.00
0.00
0.03
0.00
0.00
0.01
124.06
58.68
64.69
0.00
0.01
0.00
0.00
0.03
570.84
470.11
826.88
863.23
812.96
710.69
733.23
854.97
816.10
169.27
151.19
13.05
204.55
373.96
583.03
617.90
853.98
842.25
110.19
124.66
386.39
836.23
845.00
830.93
0.00
138.25
491.10
766.01
859.27
854.66
853.60
835.44
836.86
693.86
712.69
743.70
757.08
761.90
760.13
443.86
684.36
702.12
811.28
709.68
589.46
707.01
537.67
715.99
701.34
866.11
830.86
697.37
706.65
750.85
724.06
707.58
862.23
792.85
900.00
692.55
693.66
682.69
616.25
729.96
746.49
713.93
695.49
697.19
681.20
681.92
745.30
827.51
702.02
724.66
791.52
437.57
514.09
776.71
746.04
800.99
809.01
805.44
700.40
832.37
822.91
725.98
790.74
755.95
705.05
801.75
700.12
744.65
646.53
878.34
685.72
698.53
689.18
238.35
803.19
362.51
650.09
715.74
782.73
714.93
858.19
723.67
712.22
853.78
717.36
793.63
686.80
493.28
725.12
712.30
696.02
776.12
431.33
496.05
714.58
719.55
745.03
692.79
720.65
628.94
808.56
752.51
846.73
823.96
766.20
857.98
691.71
795.75
700.85
697.81
792.89
702.45
760.44
719.61
712.72
172.49
818.00
707.63
708.90
720.89
718.64
783.54
788.42
795.02
828.58
661.70
705.42
628.64
677.25
691.36
828.14
702.32
708.58
694.72
835.53
694.35
707.71
658.95
813.93
776.34
725.56
689.91
710.21
709.18
751.93
851.17
703.51
789.11
70.18
536.46
721.01
727.28
723.97
728.13
169.51
631.18
737.78
784.69
699.59
680.74
707.88
738.07
812.22
511.56
679.21
711.29
698.30
725.27
