776.99
842.18
823.06
822.61
94.15
638.87
356.45
732.71
707.83
777.16
173.49
662.65
730.81
743.56
789.08
360.62
542.33
474.76
774.69
44.62
504.43
201.35
106.31
0.00
139.49
137.85
86.29
0.00
0.01
0.00
190.39
0.00
0.00
179.58
576.93
765.06
872.09
379.87
444.09
729.00
749.36
59.70
0.00
0.01
0.01
0.00
0.00
28.31
67.97
89.51
691.17
181.11
205.44
78.29
0.00
316.79
98.03
36.66
155.03
0.00
318.04
378.55
835.39
838.52
697.65
823.41
722.09
748.20
670.22
297.22
846.28
539.38
0.00
517.14
538.40
507.55
519.85
293.41
0.00
0.00
0.00
532.94
768.89
0.01
0.00
0.01
0.00
250.41
561.89
685.93
702.35
835.64
833.53
845.00
759.92
832.64
111.82
709.13
720.71
761.07
815.34
765.70
759.14
708.78
679.96
718.88
746.62
740.99
749.89
761.51
763.85
702.29
748.57
697.85
775.65
662.06
755.52
740.60
734.35
730.59
734.76
738.38
728.08
709.87
723.30
782.06
751.42
716.77
711.79
766.64
757.29
740.18
746.00
605.88
709.77
758.68
712.20
709.69
757.02
634.54
717.53
685.40
779.35
699.44
703.73
887.89
793.98
671.48
736.86
715.04
718.11
699.70
748.42
754.30
662.95
772.49
758.14
715.42
775.77
686.37
825.25
858.34
873.49
734.21
740.86
0.00
0.00
0.00
80.85
428.84
739.23
690.71
705.36
749.80
710.31
484.90
765.14
786.27
508.01
704.56
799.00
757.05
27.35
844.13
714.96
716.89
683.77
483.82
33.39
0.01
0.00
792.65
558.92
583.21
751.25
462.67
464.64
0.00
638.86
717.00
694.61
705.72
747.59
109.16
0.01
0.00
0.00
0.01
455.27
558.40
900.00
533.20
0.00
128.27
40.31
140.24
176.50
55.90
49.75
0.00
548.53
685.67
742.83
735.90
747.61
702.32
872.12
835.53
835.27
840.10
73.89
563.09
853.80
844.69
857.40
826.56
829.46
336.35
713.52
777.41
724.35
735.58
751.67
705.69
756.04
714.02
708.03
806.75
720.51
743.07
728.37
689.15
729.51
729.94
718.25
732.39
762.11
116.25
93.46
448.82
692.47
758.44
762.66
780.07
774.62
751.22
889.14
171.64
258.01
0.00
257.97
0.00
0.00
249.06
811.85
720.48
727.31
776.63
767.52
768.32
751.61
724.27
738.61
750.93
711.68
718.25
758.23
773.28
729.67
683.26
722.09
750.40
736.65
708.65
767.10
751.43
710.97
723.86
732.81
784.56
718.84
762.11
664.41
750.47
696.64
774.34
785.92
725.90
731.35
692.19
754.74
709.54
720.91
766.13
705.77
696.48
725.35
701.23
717.73
715.22
762.43
689.89
699.94
717.86
720.61
718.97
726.34
715.92
712.10
731.13
724.23
757.35
742.57
740.61
748.20
753.50
737.84
804.21
699.95
762.36
708.94
773.96
710.53
762.22
782.68
768.73
728.87
679.26
773.50
729.04
683.09
765.02
740.42
759.43
753.98
723.60
710.77
734.97
739.05
730.87
828.63
714.52
721.75
581.78
815.68
719.21
725.16
724.18
740.73
759.59
714.08
704.43
751.37
755.99
768.77
712.07
691.88
735.26
738.50
742.22
778.09
698.20
724.39
756.07
748.00
688.62
725.86
738.20
718.40
726.30
715.49
760.15
703.78
730.69
719.12
728.66
728.87
766.79
740.85
760.53
723.07
744.88
781.96
741.68
740.42
699.35
725.95
716.28
766.70
724.19
742.08
718.71
718.77
715.64
749.00
748.56
743.59
774.11
738.62
705.09
701.39
743.43
696.29
718.18
685.55
742.60
738.17
712.16
710.36
714.33
709.52
773.02
731.59
757.85
700.05
718.45
769.44
712.53
757.11
750.55
751.49
737.10
785.65
724.02
797.54
772.61
760.94
744.21
753.61
739.40
739.88
786.92
746.42
728.70
732.50
706.95
676.16
746.94
744.00
719.34
682.11
694.30
735.32
710.72
694.74
697.29
722.03
720.09
777.79
746.65
736.27
654.04
704.93
760.91
701.09
847.08
814.77
723.56
664.44
558.32
823.94
790.49
742.71
712.03
674.23
733.62
875.72
693.77
714.93
770.71
844.45
742.63
694.64
712.07
696.31
731.33
777.33
749.04
820.05
788.49
727.89
718.05
422.35
511.04
670.07
780.97
713.39
740.80
762.51
834.24
848.17
900.00
782.68
707.17
842.41
615.09
707.66
845.69
759.41
711.68
736.05
737.23
676.99
727.39
714.27
736.27
208.86
614.55
677.32
731.77
731.26
781.40
843.33
695.32
719.48
704.61
717.91
731.84
775.70
812.00
649.32
745.12
872.56
759.49
737.17
698.81
736.31
700.11
685.74
721.15
706.67
762.83
498.62
582.11
678.35
751.25
752.80
748.11
536.98
673.14
721.60
698.74
701.81
652.54
836.49
727.29
725.13
511.14
730.09
808.97
713.70
704.51
619.63
714.84
778.98
717.69
776.10
723.86
782.72
823.11
809.29
738.05
706.63
821.08
755.69
698.37
679.63
648.86
705.02
774.56
778.07
772.44
637.27
684.78
769.07
700.70
682.25
689.99
712.90
675.45
