864.69
113.37
667.12
558.79
0.00
0.02
0.00
835.30
759.62
741.17
606.53
736.04
765.23
752.32
727.26
155.54
92.97
528.17
565.61
693.80
725.46
743.93
658.59
120.41
0.00
262.13
376.36
844.77
847.89
817.44
849.06
819.25
737.34
740.11
757.13
423.03
583.25
813.75
843.81
857.61
852.42
50.36
663.08
454.53
666.45
636.07
172.67
720.28
808.62
756.37
833.69
866.71
849.71
708.69
737.47
743.04
856.52
181.43
899.62
157.34
81.84
62.63
0.00
0.00
344.29
696.55
731.70
753.51
837.59
734.87
752.75
793.36
743.59
846.06
0.00
0.00
773.80
69.50
143.54
0.00
528.90
725.00
800.36
831.26
777.61
729.32
544.44
729.29
715.29
335.65
766.11
793.38
209.00
204.61
242.93
690.03
0.00
0.00
0.00
286.71
122.84
482.76
745.49
722.41
788.14
576.61
702.83
373.06
549.11
757.38
723.31
669.64
457.60
637.06
671.78
716.04
145.74
641.00
719.41
686.14
801.83
707.72
703.04
662.70
726.57
706.47
486.96
463.86
796.92
751.82
708.16
537.10
849.52
730.93
719.45
763.11
707.70
694.98
851.93
718.85
720.51
680.73
85.89
880.06
713.92
900.00
759.76
693.45
516.21
693.19
662.67
683.76
716.74
761.60
784.88
34.94
690.21
685.69
863.36
825.76
749.15
729.38
727.58
835.59
833.49
654.91
703.89
789.29
832.99
828.70
808.21
390.62
745.35
831.17
784.77
705.38
308.64
592.55
721.49
854.21
794.10
731.37
852.87
745.41
710.40
900.00
767.92
753.64
699.08
750.81
688.89
723.36
711.49
701.98
848.30
702.47
776.07
706.06
745.15
758.98
759.74
731.61
593.32
740.36
767.44
708.55
787.42
765.54
687.16
688.09
777.18
866.83
866.83
742.21
821.19
675.56
745.65
701.90
833.82
712.08
699.05
166.41
720.34
710.20
815.94
698.61
769.41
701.09
733.62
681.35
870.05
680.49
530.45
605.36
691.30
714.61
810.62
703.70
694.24
89.69
464.76
528.57
174.34
117.62
0.02
0.00
0.00
743.85
830.08
839.97
835.95
856.12
852.37
799.64
822.24
822.94
37.31
220.94
122.54
185.67
0.01
0.00
0.00
0.02
0.00
442.02
106.77
46.38
0.00
0.00
0.00
0.00
0.00
0.00
0.00
0.01
828.80
834.20
862.94
830.68
834.90
848.02
838.53
850.69
827.62
845.64
753.36
718.26
771.65
506.27
319.52
739.92
311.56
706.21
371.97
285.01
405.57
151.66
761.68
713.89
697.03
738.74
463.84
774.14
768.44
796.07
542.75
701.44
637.65
233.44
474.27
775.12
839.15
593.08
594.12
646.99
723.15
725.42
763.49
0.00
0.00
0.01
0.02
492.98
721.96
824.88
856.42
863.97
876.60
858.05
138.90
100.60
220.85
768.19
692.04
731.85
743.93
108.01
0.01
0.00
127.86
136.52
99.40
83.02
472.79
729.60
809.73
442.29
363.11
206.73
713.59
857.03
410.45
416.87
0.00
0.04
0.00
0.00
0.02
0.00
0.01
99.50
611.40
551.32
0.00
615.95
771.86
716.59
739.16
730.04
775.27
825.79
849.59
833.10
844.02
849.96
835.68
714.41
737.31
469.50
842.79
824.95
844.89
730.63
740.81
769.58
810.88
470.96
188.05
746.70
716.69
204.27
751.48
825.18
700.78
728.55
707.99
695.87
673.25
707.24
704.52
776.68
708.83
704.92
696.70
756.64
781.81
749.41
740.96
702.41
348.50
776.65
816.64
670.20
697.84
733.54
711.49
866.54
829.02
590.17
838.01
709.06
826.26
834.73
893.23
789.73
707.69
697.09
743.63
672.90
703.87
755.25
765.41
719.79
684.58
743.15
710.57
742.06
796.62
822.40
692.28
705.44
675.20
714.79
689.83
180.37
752.16
777.77
699.03
739.60
769.64
705.97
401.46
732.15
813.41
722.43
712.21
157.38
659.20
824.74
508.21
681.72
680.47
703.95
687.01
696.26
718.27
679.73
609.78
706.57
703.64
701.42
700.31
748.40
736.38
742.68
777.36
738.42
732.30
739.36
719.08
731.49
807.36
789.14
832.04
682.70
756.68
794.98
690.97
342.97
678.04
680.54
695.82
788.48
754.58
713.98
711.82
796.37
853.92
853.27
725.53
732.87
848.07
809.92
692.97
478.81
505.73
748.86
701.89
703.42
843.15
880.64
900.00
715.03
721.30
734.48
781.85
702.20
687.06
689.67
716.20
714.66
815.77
545.00
858.15
733.51
697.68
703.69
883.44
711.91
666.97
702.03
625.00
632.53
822.22
714.31
700.70
553.01
661.91
711.26
740.97
123.73
828.86
741.89
720.26
704.99
876.13
713.44
713.41
717.57
814.81
724.81
821.54
689.65
717.62
685.25
690.05
740.96
684.92
775.27
682.07
697.43
720.56
829.40
722.75
707.43
520.72
821.13
857.31
580.45
527.76
520.61
723.40
842.68
427.15
725.94
661.66
0.00
216.59
641.05
21.25
457.82
760.41
762.22
751.35
709.07
710.12
715.83
736.81
692.79
735.70
708.89
786.14
684.78
680.20
617.59
701.86
299.45
801.07
709.72
