103.82
670.70
811.37
761.95
752.38
731.28
716.58
200.14
158.64
367.39
696.42
790.35
754.48
625.74
850.28
866.03
832.71
850.64
828.87
794.91
0.00
0.01
0.01
0.02
436.83
831.16
839.78
881.83
829.95
849.17
843.46
832.87
710.42
429.56
180.97
0.00
427.92
460.38
786.32
735.40
743.14
856.97
758.39
839.10
859.90
841.45
753.15
741.73
0.00
0.02
0.01
66.44
163.79
631.74
522.12
603.66
453.29
753.28
688.70
772.68
741.52
748.87
101.42
556.48
400.56
493.07
434.06
67.93
143.73
155.04
0.00
0.01
0.00
0.00
351.74
696.53
767.27
786.14
743.29
629.04
826.04
853.83
791.40
740.14
724.58
669.35
309.02
726.44
854.63
805.79
798.62
693.00
764.40
0.00
0.00
226.84
841.91
4.20
274.18
116.02
762.07
740.43
685.80
754.23
702.73
675.17
696.43
712.44
742.23
756.77
743.18
706.97
714.79
713.78
737.87
712.89
720.15
675.99
760.16
754.37
750.40
713.42
729.18
726.35
724.52
769.11
777.37
733.34
755.04
756.71
659.87
735.59
741.24
727.87
758.78
716.47
771.15
756.73
699.46
758.34
725.64
738.68
753.48
780.73
770.68
811.21
833.15
872.80
748.62
737.90
716.12
782.73
813.18
553.15
523.74
691.97
825.01
730.22
695.64
440.74
710.40
834.85
743.10
645.01
876.28
822.33
712.80
796.18
794.88
724.49
829.11
435.57
529.31
692.02
784.63
727.26
805.90
778.84
686.68
708.11
900.00
832.80
700.89
725.08
636.62
701.21
721.05
900.00
493.63
542.09
695.85
853.54
845.71
702.65
605.98
871.57
797.54
694.07
818.75
821.62
678.82
741.70
482.98
714.66
670.10
700.71
666.68
677.84
715.33
633.12
576.02
822.61
736.81
715.50
302.38
718.48
443.52
606.20
673.66
814.09
855.83
840.80
845.66
690.48
697.84
731.21
848.68
674.69
353.32
564.03
708.25
828.01
763.15
729.95
832.82
752.08
700.03
795.99
681.60
730.06
677.70
726.70
717.43
701.64
711.11
733.12
730.67
794.66
492.29
696.86
691.15
685.66
397.25
695.61
682.58
707.94
783.20
201.09
831.32
643.26
748.61
681.42
720.34
441.59
728.18
813.87
834.59
841.22
701.97
784.31
374.00
716.58
841.22
723.19
768.24
785.50
889.83
716.90
801.81
698.06
729.62
720.64
750.72
751.21
514.79
747.00
722.85
700.59
717.30
759.14
622.94
703.72
705.84
761.18
322.03
643.37
659.38
666.06
770.28
719.38
707.55
827.98
736.43
807.03
779.75
692.91
763.47
689.28
669.32
737.82
813.33
0.02
565.34
805.37
701.00
123.49
357.16
371.74
227.49
0.00
123.61
107.63
0.00
828.94
737.16
754.76
175.44
835.53
859.76
857.96
751.69
723.65
768.40
100.94
168.08
0.03
88.50
176.08
538.43
181.83
0.00
0.02
224.25
53.41
773.85
731.69
878.45
852.54
814.63
0.01
839.00
719.63
661.01
735.64
885.32
830.91
68.46
0.02
0.00
0.01
0.02
0.00
0.00
0.00
0.00
0.04
572.86
731.66
855.60
834.09
845.36
27.90
28.16
55.02
0.00
0.00
739.54
483.26
779.99
768.51
703.46
695.15
724.87
763.60
586.32
133.04
544.68
476.79
417.65
86.98
0.00
0.02
495.00
271.41
709.27
695.66
787.78
688.34
679.68
351.26
476.40
599.84
720.26
708.07
743.38
707.66
864.05
223.72
448.47
537.24
824.47
811.78
854.91
769.30
761.85
515.01
714.50
757.48
573.98
744.58
769.48
715.28
771.05
835.57
656.38
157.09
425.00
618.43
684.95
768.23
750.49
78.70
127.04
188.70
727.03
852.66
868.91
815.63
869.65
805.99
845.17
813.99
696.22
498.51
750.41
706.83
56.51
126.77
429.90
80.25
632.11
27.97
0.00
531.21
379.66
767.50
675.88
810.42
822.34
862.17
851.78
832.90
873.39
825.22
697.97
804.92
33.25
204.83
64.76
709.03
802.12
822.00
808.53
839.70
599.86
55.36
107.85
642.82
134.96
340.13
113.95
1.36
668.12
193.44
99.83
120.54
132.91
0.01
0.00
732.81
767.24
713.51
761.21
785.28
747.75
745.32
691.43
718.87
755.89
692.61
712.28
799.08
804.52
760.93
740.11
858.97
779.80
0.00
212.81
0.02
0.00
0.00
0.01
110.83
132.87
0.00
162.00
115.70
14.69
828.32
831.39
842.23
78.44
70.50
213.86
454.16
725.55
757.87
770.25
798.55
848.89
830.67
865.71
119.11
0.00
308.52
598.06
693.20
484.14
186.85
552.77
613.95
735.55
711.92
742.42
746.40
0.00
154.41
364.40
731.90
652.98
804.72
653.88
729.00
754.32
790.21
694.65
727.26
753.11
766.89
719.89
676.69
707.29
693.37
761.89
737.50
766.08
719.90
748.03
744.77
716.77
714.83
756.75
709.27
783.47
743.46
717.37
741.37
721.36
762.20
741.53
794.10
739.48
692.74
748.31
704.17
764.01
733.93
732.24
725.58
710.76
756.58
764.31
762.63
806.06
694.12
751.64
768.92
707.85
774.55
