214.65
428.44
528.24
445.55
153.65
417.48
33.08
536.48
52.91
103.33
536.74
133.29
731.32
817.28
842.71
846.70
357.55
864.16
448.99
618.52
821.56
835.31
716.20
763.58
819.31
833.53
811.78
807.74
814.66
43.14
328.99
764.22
737.98
503.64
89.16
642.75
391.44
113.48
125.46
503.48
373.20
725.61
148.50
769.20
120.86
0.00
179.86
563.64
439.78
852.11
317.52
348.58
728.75
773.53
708.99
721.97
87.77
138.39
737.32
287.41
557.39
634.64
743.66
827.28
833.52
829.29
884.92
61.82
111.41
0.00
721.06
742.13
735.14
717.20
757.41
684.25
795.98
750.39
0.00
0.00
0.03
399.77
722.84
701.50
0.00
0.00
0.01
0.00
585.30
110.23
698.63
758.48
670.91
748.55
745.50
215.87
3.40
830.83
817.63
868.93
857.46
832.21
833.36
878.43
824.94
827.32
135.65
89.39
0.00
248.99
553.85
737.61
703.41
729.88
760.32
766.51
749.21
740.70
711.61
858.30
0.00
479.39
117.29
23.04
191.47
728.13
22.60
126.41
107.51
157.97
0.00
0.00
807.49
670.27
595.85
693.66
817.19
721.96
815.31
789.84
781.46
711.45
811.01
681.26
671.61
805.16
709.25
648.51
837.40
884.34
895.76
705.55
705.83
722.80
704.12
741.29
869.98
900.00
766.25
832.87
693.29
663.20
838.04
757.56
834.01
777.80
729.97
747.67
708.44
723.56
688.14
836.73
777.99
728.10
760.54
124.61
655.89
825.40
833.69
692.61
650.89
578.51
750.27
651.20
690.13
765.15
803.01
706.09
856.93
871.86
753.32
569.20
701.40
821.54
743.24
716.69
257.47
730.94
810.52
668.51
729.86
838.23
780.84
683.99
681.24
700.49
747.55
789.73
795.03
772.89
792.71
774.64
868.87
830.75
830.76
721.99
734.20
734.49
770.47
798.41
680.00
747.44
758.74
810.57
642.21
572.22
758.68
793.50
757.11
838.33
874.52
622.42
813.45
714.46
246.58
456.49
803.59
733.15
684.92
843.42
747.83
768.66
778.75
772.93
681.99
384.28
615.76
687.12
808.30
775.58
519.35
698.18
683.69
713.48
729.44
693.31
764.89
61.54
827.19
681.37
716.37
698.08
740.22
767.45
726.95
866.80
733.67
699.24
572.26
852.69
745.50
691.05
469.03
778.25
789.61
711.52
783.83
311.58
717.16
710.84
714.19
740.00
737.61
703.09
698.42
725.51
688.74
744.41
525.94
710.45
721.26
684.73
792.98
680.15
707.92
702.94
696.76
717.84
702.13
832.83
442.87
714.08
720.58
226.97
526.68
690.54
689.34
705.74
850.96
756.14
900.00
705.67
795.19
720.99
675.92
798.52
731.92
900.00
669.83
659.61
693.97
692.55
679.09
734.69
701.77
684.08
721.80
785.36
798.83
512.95
676.00
818.59
793.23
854.90
705.07
700.42
835.01
704.31
700.92
514.62
825.55
658.07
777.60
820.00
729.82
694.39
684.55
803.28
529.17
836.60
677.04
721.40
421.38
761.34
863.01
825.86
697.32
784.98
719.65
775.83
704.53
740.68
759.31
714.21
740.87
717.89
756.07
725.70
746.24
724.54
757.46
732.54
754.61
696.88
697.00
722.85
747.73
696.37
770.11
734.07
730.55
690.74
694.98
677.99
712.55
780.51
746.47
762.06
780.08
733.84
761.51
704.89
770.96
742.13
754.43
709.46
714.40
745.78
706.10
720.18
725.22
727.54
734.03
773.75
694.71
700.52
757.76
711.81
736.58
695.81
716.66
764.36
748.36
747.83
730.38
734.70
722.18
809.69
746.86
677.11
739.90
731.23
743.07
720.08
757.93
718.04
681.31
821.68
763.46
742.62
790.87
721.69
785.02
734.64
757.09
707.20
687.34
728.91
757.06
689.63
691.78
800.92
740.57
727.51
769.25
784.99
704.43
760.41
730.23
678.22
732.38
699.40
713.54
761.14
746.78
771.96
737.79
762.31
738.39
762.77
704.99
709.35
755.00
729.84
694.21
715.52
755.29
739.03
724.57
774.27
756.18
698.29
707.34
740.85
746.53
766.58
694.37
672.67
723.48
710.54
712.84
703.30
723.02
724.20
709.98
766.26
684.72
780.09
712.66
739.01
697.25
732.78
689.54
678.89
710.30
749.14
725.12
740.59
704.82
687.52
735.11
724.09
744.68
776.65
688.91
737.38
744.19
711.11
741.69
739.57
727.30
697.46
725.82
749.82
723.74
733.88
744.34
752.55
713.57
774.06
717.20
743.16
717.94
692.27
694.41
778.96
714.68
741.87
707.15
758.81
716.33
719.83
727.68
711.29
753.95
794.99
681.04
740.47
733.36
735.47
734.23
724.83
768.69
774.76
748.94
729.26
752.10
764.98
749.90
781.37
755.59
700.42
720.27
645.49
697.80
694.03
779.99
714.04
715.59
668.46
756.71
758.27
717.75
843.40
855.74
739.09
821.20
836.12
851.48
848.00
833.63
848.50
829.62
871.05
792.14
879.41
20.65
350.86
591.26
723.63
773.07
635.99
852.80
832.09
848.18
836.98
833.99
829.30
817.39
810.48
730.89
551.05
100.37
0.03
570.62
882.04
835.57
834.04
849.64
841.08
